0.861601 
0.692492 
0.554896 
0.44433 
0.355713 
0.284737 
0.227914 
0.18243 
0.146028 
0.116891 
0.0935692 
0.0749079 
0.0599708 
0.0480178 
0.038451 
0.030794 
0.0246688 
0.0197677 
0.015844 
0.0127031 
0.0101925 
0.00818483 
0.0065779 
0.00529256 
0.00426588 
0.00344361 
0.0027891 
0.00226406 
0.00184708 
0.00151253 
0.00124517 
0.00103281 
0.000863093 
0.000727606 
0.000618352 
0.000531975 
0.000460856 
0.000403741 
0.000356948 
0.00031845 
0.000287588 
0.000260536 
0.000237472 
0.000218321 
0.000200808 
0.000185356 
0.000171551 
0.00015917 
0.000148018 
0.00013808 
0.000128678 
0.000120266 
0.000112412 
0.00010525 
9.86056e-05 
