0.661115 
0.396904 
0.289755 
0.277177 
0.269609 
0.265317 
0.25059 
0.241903 
0.237906 
0.228861 
0.226369 
0.220977 
0.213635 
0.207165 
0.205104 
0.201578 
0.195486 
0.18972 
0.18871 
0.185573 
0.178296 
0.177245 
0.171763 
0.17106 
0.169668 
0.168506 
0.163534 
0.159914 
0.158 
0.155279 
0.153882 
0.152531 
0.15083 
0.148885 
0.146777 
0.145089 
0.144273 
0.142801 
0.137666 
0.136653 
0.135178 
0.133927 
0.132839 
0.131605 
0.129619 
0.127384 
0.127011 
0.124239 
0.123078 
0.122027 
0.120632 
0.119416 
0.117721 
0.115254 
0.113258 
0.112573 
0.11041 
0.109482 
0.108192 
0.107607 
0.106766 
0.105163 
0.103957 
0.102856 
0.101912 
0.101017 
0.100185 
0.0988356 
0.097721 
0.0973553 
0.0959889 
0.0946473 
0.0937792 
0.0929603 
0.0913956 
0.0904556 
0.0884511 
0.0873174 
0.0867837 
0.0857819 
0.0846626 
0.0839694 
0.0812169 
0.0805033 
0.080265 
0.0789799 
0.0783244 
0.0764764 
0.0759313 
0.0753301 
0.073618 
0.0729918 
0.0724137 
0.0716102 
0.0707418 
0.0701533 
0.0682713 
0.0677525 
0.0666876 
0.0655873 
0.0650912 
0.0643786 
0.0638905 
0.0632515 
0.0626695 
0.0611208 
0.0598424 
0.0592771 
0.0586208 
0.0582835 
0.0572583 
0.0562984 
0.0553363 
0.0538977 
0.0538542 
0.052993 
0.0527504 
0.051939 
0.0508599 
0.0503432 
0.0492255 
0.0485901 
0.0476909 
0.0474843 
0.046682 
0.045926 
0.0452848 
0.0447538 
0.044396 
0.0437188 
0.0428786 
0.0426587 
0.0423194 
0.0422568 
0.0415138 
0.0408598 
0.0404045 
0.0394086 
0.0387275 
0.0384319 
0.037853 
0.0372378 
0.0368409 
0.0365257 
0.0363322 
0.0360855 
0.0353887 
0.034629 
0.0341026 
0.0338906 
0.0337278 
0.0331066 
0.0329349 
0.0322955 
0.0320266 
0.0318681 
0.0310251 
0.0305063 
0.0302157 
0.0299957 
0.0297806 
0.0285727 
0.0283907 
0.0282977 
0.0278606 
0.0273273 
0.0271566 
0.0268063 
0.0264537 
0.0259889 
0.0254245 
0.0252119 
0.0247685 
0.0244918 
0.0239718 
0.0234024 
0.0232291 
0.0229915 
0.0226979 
0.0222699 
0.0221489 
0.0215707 
0.0214018 
0.0206441 
0.0203648 
0.0200453 
0.0197625 
0.019503 
0.0190353 
0.0187662 
0.0187592 
0.0180588 
0.0179824 
0.0178417 
0.017523 
0.0173143 
0.0168114 
0.0164978 
0.016134 
0.0159517 
0.0156155 
0.0153333 
0.0150406 
0.0147086 
0.0143857 
0.0139759 
0.0137014 
0.013566 
0.0131648 
0.0130718 
0.0129561 
0.0126099 
0.0121273 
0.0118725 
0.0116775 
0.0115083 
0.0112562 
0.0109588 
0.0107916 
0.0105311 
0.0102081 
0.0100844 
0.00990851 
0.00939701 
0.0091598 
0.00903963 
0.00889378 
0.00847443 
0.008373 
0.00827988 
0.0080168 
0.0078977 
0.00765521 
0.00732739 
0.00710308 
0.00694638 
0.00682836 
0.00654926 
0.00650221 
0.00633928 
0.00611508 
0.00583901 
0.00575664 
0.00564477 
0.00544642 
0.00530822 
0.00509734 
0.0049668 
0.00478595 
0.00440984 
0.00429764 
0.00423046 
0.00421734 
0.00377774 
0.00364497 
0.00346175 
0.00333069 
