0.687061 
0.405574 
0.290681 
0.279397 
0.271288 
0.266759 
0.251647 
0.242865 
0.237684 
0.229565 
0.226779 
0.221637 
0.214731 
0.207839 
0.205252 
0.201886 
0.195857 
0.189395 
0.188844 
0.185526 
0.178285 
0.176981 
0.171613 
0.170793 
0.169092 
0.16802 
0.163386 
0.159447 
0.158009 
0.155143 
0.153692 
0.152267 
0.149967 
0.148632 
0.14612 
0.144564 
0.143581 
0.142045 
0.137509 
0.135801 
0.134691 
0.133655 
0.132213 
0.130953 
0.129126 
0.127123 
0.125766 
0.12348 
0.122128 
0.121125 
0.119971 
0.118809 
0.1171 
0.114638 
0.112457 
0.111705 
0.10958 
0.10875 
0.107111 
0.107007 
0.105427 
0.103779 
0.102889 
0.10155 
0.10079 
0.0994398 
0.0988798 
0.0973338 
0.0964939 
0.0958089 
0.094556 
0.0931354 
0.0922566 
0.0912912 
0.0898801 
0.0884251 
0.0867849 
0.0860615 
0.0848577 
0.0836187 
0.0831464 
0.0819159 
0.0792173 
0.0789612 
0.0785298 
0.0766297 
0.0763641 
0.0748625 
0.0738959 
0.0735202 
0.0715452 
0.0707068 
0.0703469 
0.0694686 
0.0682523 
0.0675536 
0.0656755 
0.0653221 
0.0641795 
0.0632673 
0.0629072 
0.0622149 
0.061764 
0.061445 
0.06018 
0.0587897 
0.0575938 
0.0568832 
0.0559455 
0.0554392 
0.0543346 
0.0536091 
0.0528216 
0.0516482 
0.0510801 
0.0502416 
0.0499569 
0.0493014 
0.0480555 
0.0472057 
0.0463275 
0.0460371 
0.0448623 
0.0444644 
0.0440028 
0.0431231 
0.0428315 
0.0421009 
0.0416175 
0.0410109 
0.0403684 
0.0396672 
0.0393779 
0.0390399 
0.0384853 
0.0378376 
0.0374894 
0.0363251 
0.0360352 
0.0353647 
0.0352643 
0.0343334 
0.0338563 
0.0332606 
0.0331431 
0.0328834 
0.0326254 
0.0315702 
0.0308996 
0.0307483 
0.0305142 
0.0299955 
0.0296951 
0.0289121 
0.0284545 
0.0281041 
0.027462 
0.0269117 
0.0267317 
0.0262278 
0.0259172 
0.0252166 
0.0250549 
0.0247746 
0.0240943 
0.0240245 
0.0236719 
0.023398 
0.0229479 
0.0222346 
0.021871 
0.0215308 
0.0211574 
0.0208872 
0.0202451 
0.0199984 
0.0194559 
0.019082 
0.0189669 
0.0182843 
0.0181319 
0.0174767 
0.0173457 
0.0169889 
0.0166917 
0.01652 
0.0155582 
0.0155132 
0.0149148 
0.0146661 
0.0143167 
0.0139808 
0.0138766 
0.0135331 
0.0132771 
0.0131684 
0.0127721 
0.0121344 
0.0118734 
0.0114804 
0.0112078 
0.0109331 
0.0105048 
0.0102432 
0.00978704 
0.00968329 
0.00938672 
0.0092222 
0.00873488 
0.00865439 
0.00831825 
0.00812936 
0.00763476 
0.00750949 
0.00711789 
0.00701642 
0.00664829 
0.00651621 
0.0062551 
0.00577976 
0.0056717 
0.0053462 
0.00499747 
0.00483174 
0.00456639 
0.00433108 
0.00431524 
0.004038 
0.00356603 
0.00334048 
0.00327637 
0.00318463 
0.00309659 
0.00297748 
0.00278678 
0.00223573 
0.00213574 
0.00195326 
0.00169959 
0.00144472 
0.001335 
0.00102857 
0.000868292 
0.00042408 
0.000339064 
0.000157149 
2.30765e-08 
2.14145e-08 
1.98052e-08 
1.93055e-08 
1.85591e-08 
1.73445e-08 
1.7013e-08 
1.53193e-08 
1.38373e-08 
1.2195e-08 
1.19508e-08 
