1 
1 
1 
0.898226 
0.822531 
0.770192 
0.734737 
0.711113 
0.695573 
0.685447 
0.669369 
0.619299 
0.585005 
0.561955 
0.546693 
0.5367 
0.530204 
0.526006 
0.523299 
0.521562 
0.520448 
0.519732 
0.519273 
0.518492 
0.49784 
0.484164 
0.475206 
0.459247 
0.440269 
0.427685 
0.41943 
0.414061 
0.410588 
0.408351 
0.406911 
0.405989 
0.405395 
0.405017 
0.401379 
0.390306 
0.383056 
0.37834 
0.375294 
0.37333 
0.372067 
0.371258 
0.361969 
0.354897 
0.350297 
0.347318 
0.345401 
0.344166 
0.343376 
0.342869 
0.342543 
0.340198 
0.333246 
0.328722 
0.322464 
0.314406 
0.309139 
0.305721 
0.303514 
0.302092 
0.301179 
0.300592 
0.300217 
0.294481 
0.290067 
0.287204 
0.281156 
0.275432 
0.271705 
0.269292 
0.264637 
0.25896 
0.25526 
0.252863 
0.247047 
0.241931 
0.2386 
0.236442 
0.235052 
0.234157 
0.233583 
0.233215 
0.232979 
0.232827 
0.232731 
0.232669 
0.230373 
0.226538 
0.224051 
0.222443 
0.22141 
0.220745 
0.218645 
0.214652 
0.212057 
0.210379 
0.209299 
0.208604 
0.20643 
0.202673 
0.200232 
0.198655 
0.197638 
0.196985 
0.196566 
0.196298 
0.196125 
0.194778 
0.191455 
0.1893 
0.187907 
0.187011 
0.186435 
0.186064 
0.185828 
0.185676 
0.185579 
0.185516 
0.185477 
0.183055 
0.180651 
0.179097 
0.178094 
0.17745 
0.177036 
0.176771 
0.176601 
0.176492 
0.176423 
0.175725 
0.173022 
0.171269 
0.170139 
0.169411 
0.168944 
0.168644 
0.168452 
0.168329 
0.16825 
0.168199 
0.168167 
0.165843 
0.164032 
0.162862 
0.16211 
0.161627 
0.161316 
0.160468 
0.158067 
0.156512 
0.15551 
0.154864 
0.154449 
0.154183 
0.154013 
0.153904 
0.153834 
0.153789 
0.153761 
0.153742 
0.152739 
0.150839 
0.14961 
0.148819 
0.148311 
0.147984 
0.147774 
0.147641 
0.147555 
0.1475 
0.147464 
0.146556 
0.144791 
0.14365 
0.142914 
0.142442 
0.142139 
0.141428 
0.139478 
0.138217 
0.137403 
0.136881 
0.136544 
0.13633 
0.136191 
0.136103 
0.136046 
0.13601 
0.135987 
0.135972 
0.135962 
0.135956 
0.134815 
0.133412 
0.132506 
0.131923 
0.131548 
0.131308 
0.131154 
0.131055 
0.130914 
0.12918 
0.128058 
0.127333 
0.126868 
0.126569 
0.126377 
0.126254 
0.126176 
0.126126 
0.126093 
0.126073 
0.126059 
0.126051 
0.124855 
0.123688 
0.122936 
0.122452 
0.122141 
0.121941 
0.120757 
0.119492 
0.118676 
0.118151 
0.117814 
0.117598 
0.117458 
0.117369 
0.117312 
0.117276 
0.117253 
0.117238 
0.117228 
0.117222 
0.117219 
0.117216 
0.117214 
0.115894 
0.114956 
0.114351 
0.113963 
0.113714 
0.113554 
0.113389 
0.111972 
0.111055 
0.110464 
0.110085 
0.109841 
0.108501 
0.107454 
0.106777 
0.106341 
0.106062 
0.105883 
0.105767 
0.105694 
0.105647 
0.105617 
0.105597 
0.105585 
0.105577 
0.105572 
0.105569 
0.105567 
0.105565 
0.105565 
0.105564 
0.105564 
0.105564 
0.104882 
0.103913 
0.103287 
0.102885 
0.102626 
0.102461 
0.102354 
0.102287 
0.102243 
0.102215 
0.102197 
0.102186 
0.102179 
0.101961 
0.100894 
0.100204 
0.0997602 
0.0994759 
0.0992928 
0.0991765 
0.0991009 
0.0990528 
0.0990221 
0.0990025 
0.09899 
0.0989818 
0.0989764 
0.0989733 
0.0989711 
0.0989699 
0.0988478 
0.0978392 
0.0971878 
0.0967698 
0.0964998 
0.0959357 
0.0947661 
0.093093 
0.0920113 
0.091309 
0.0908576 
0.0905676 
0.0903813 
0.0902621 
0.0901855 
0.0901367 
0.0901053 
0.0900853 
0.0900723 
0.0900638 
0.0900586 
0.0900552 
0.0900531 
0.0892855 
0.088549 
0.0880757 
0.0877706 
0.0875753 
0.0874501 
0.0873698 
0.0873184 
0.0872853 
0.0872645 
0.0872505 
0.087242 
0.0872365 
0.0872331 
0.0872308 
0.0872295 
0.0872284 
0.0872281 
0.0872274 
0.0872271 
0.0872271 
0.087227 
0.0866453 
0.085938 
0.0854818 
0.0849721 
0.0839409 
0.0832732 
0.0828441 
0.0825685 
0.0823912 
0.0822774 
0.0822047 
0.0821581 
0.0821284 
0.0821092 
0.082097 
0.0820891 
0.0820839 
0.0820808 
0.0820789 
0.0820776 
0.0820767 
0.0820762 
0.082076 
0.0820759 
0.0820757 
0.0820756 
0.0816576 
0.0809635 
0.0805154 
0.0802281 
0.080043 
0.0799245 
0.0798483 
0.0797996 
0.0797688 
0.0797488 
0.0797358 
0.0797279 
0.0797223 
0.0797194 
0.0797173 
0.0789487 
0.0784148 
0.0780717 
0.0778507 
0.0777093 
0.0776183 
0.0775606 
0.0775232 
0.0774994 
0.0774842 
0.0774743 
0.0774683 
0.0774642 
0.0774617 
0.0774601 
0.077459 
0.0774583 
0.0774579 
0.0774577 
0.0774577 
0.077028 
0.0764297 
0.0760465 
0.0757988 
0.0756403 
0.0755386 
0.0754733 
0.0754321 
0.0754052 
0.0753881 
0.0753772 
0.0753699 
0.0753656 
0.0753624 
0.0753609 
0.0749751 
0.0743937 
0.0740185 
0.0737775 
0.073623 
0.0735237 
0.0734603 
0.0734198 
0.0733939 
0.0733769 
0.0728008 
0.0722888 
0.07196 
0.0717494 
0.0716128 
0.0715263 
0.0714708 
0.0714352 
0.0714126 
0.0713979 
0.0713882 
0.0713825 
0.0713787 
0.0713762 
0.0713745 
0.0713735 
0.071373 
0.0713725 
0.0713723 
0.0713721 
0.0713721 
0.071372 
0.0708625 
0.0703864 
0.0700787 
0.0698821 
0.0697558 
0.0696744 
0.0696229 
0.0695897 
0.0695683 
0.0695547 
0.069546 
0.0695404 
0.0692991 
0.0687416 
0.0683812 
0.0681499 
0.0680022 
0.0679071 
0.0678462 
0.0678069 
0.0674715 
0.0669301 
0.0665806 
0.0663566 
0.066213 
0.0661208 
0.0660616 
0.0660235 
0.0659993 
0.0659839 
0.0659739 
0.0659677 
0.0659635 
0.0659609 
0.065959 
0.0659581 
0.0659574 
0.065957 
0.0659567 
0.0659567 
0.0659563 
0.0657886 
0.0652492 
0.0648997 
0.0646769 
0.0645337 
0.0641051 
0.0635623 
0.0632131 
0.0629879 
0.0628433 
0.0627511 
0.0626917 
0.0626537 
0.0626294 
0.0626049 
0.0620017 
0.0616108 
0.061361 
0.0611987 
0.061096 
0.0610297 
0.060987 
0.06096 
0.0609426 
0.0609313 
0.0609241 
0.0609197 
0.0609168 
0.060915 
0.0609138 
0.0609129 
0.0609123 
0.0609122 
0.060912 
0.0609118 
0.0609117 
0.0609117 
0.0609117 
0.0609117 
0.0609115 
0.0609116 
0.0609116 
0.0609116 
0.0609043 
0.0603567 
0.0600022 
0.059776 
0.0596293 
0.0595365 
0.0594764 
0.0594376 
0.0594133 
0.0593976 
0.0593873 
0.0593809 
0.0589396 
0.0585487 
0.0582984 
0.0581375 
0.0580337 
0.0579675 
0.057925 
0.0578979 
0.0578803 
0.0578693 
0.0578622 
0.0578578 
0.0578547 
0.0578528 
0.0578517 
0.0578509 
0.0578503 
0.0578501 
0.0578497 
0.0578497 
0.0578496 
0.0578496 
0.0578494 
0.0578496 
0.0578496 
0.0578495 
0.0578495 
0.0578495 
0.0578496 
0.0578495 
0.0578494 
0.0575222 
0.0571383 
0.0568926 
0.0567338 
0.0566322 
0.0564268 
0.0559328 
0.0556145 
0.0554092 
0.055278 
0.0551932 
0.0551388 
0.0551043 
0.0550824 
0.0550682 
0.055059 
0.0550532 
0.0550494 
0.055047 
0.0550455 
0.0550447 
0.055044 
0.0550435 
0.0550432 
0.0550432 
0.0550429 
0.0547007 
0.0543415 
0.0541085 
0.0539595 
0.0538633 
0.0538028 
0.0537632 
0.0537383 
0.0537222 
0.0537116 
0.0537051 
0.053701 
0.0536983 
0.0536965 
0.0536954 
0.0536948 
0.0536945 
0.0536941 
0.0536939 
0.0536938 
0.0536936 
0.0536938 
0.0536937 
0.0536936 
0.0534322 
0.0530691 
0.052833 
0.0526819 
0.0525858 
0.0525233 
0.0524837 
0.0524583 
0.0524422 
0.0524317 
0.0524249 
0.0524207 
0.0521215 
0.0517735 
0.0515487 
0.0514046 
0.0513129 
0.0512535 
0.0512157 
0.0511914 
0.0511759 
0.0511661 
0.0511595 
0.0511556 
0.0511531 
0.0511512 
0.0511501 
0.0511496 
0.0511492 
0.0511487 
0.0510796 
0.0506663 
0.0503996 
0.0502284 
0.0501192 
0.050048 
0.0500032 
0.0499743 
0.0499557 
0.0499439 
0.0499362 
0.0499314 
0.0499282 
0.0499262 
0.049925 
0.0499243 
0.0499237 
0.0499234 
0.0495099 
0.04923 
0.0490506 
0.0489351 
0.0488613 
0.0488129 
0.048783 
0.0487631 
0.0487508 
0.0487428 
0.0487377 
0.0487346 
0.0487325 
0.0487311 
0.0487302 
0.0487297 
0.0487293 
0.0487291 
0.0487289 
0.0487289 
0.0487288 
0.048334 
0.0480629 
0.0478878 
0.0477766 
0.047705 
0.0476591 
0.0476295 
0.047291 
0.0469793 
0.0467794 
0.0466504 
0.0465675 
0.046515 
0.0464816 
0.0464596 
0.0464458 
0.0464371 
0.0464311 
0.0464275 
0.0464253 
0.0464238 
0.0464226 
0.0464222 
0.0464216 
0.0464216 
0.0464213 
0.0464213 
0.0464211 
0.0464211 
0.0464212 
0.0463124 
0.0459533 
0.0457232 
0.0455743 
0.0454796 
0.0454186 
0.0453791 
0.0453542 
0.0453386 
0.0453284 
0.0453216 
0.0453176 
0.0453149 
0.0453131 
0.0453121 
0.0453113 
0.0453109 
0.0453107 
0.0453104 
0.0453102 
0.0453102 
0.0452577 
0.0448917 
0.0446571 
0.0445047 
0.0444078 
0.0443455 
0.0443057 
0.0442801 
0.0442638 
0.0442532 
0.0440118 
0.043707 
0.0435108 
0.0433844 
0.043304 
0.0432519 
0.0432188 
0.0428491 
0.0425727 
0.0423945 
0.0422798 
0.0422068 
0.04216 
0.04213 
0.0421104 
0.042098 
0.0420906 
0.0420853 
0.0420821 
0.04208 
0.0420787 
0.0420778 
0.0420772 
0.0420769 
0.0420766 
0.0420766 
0.0420764 
0.0420763 
0.0420763 
0.0420764 
0.0420763 
0.0420763 
0.0420763 
0.0420764 
0.0420762 
0.0420762 
0.0420763 
0.0420763 
0.0420762 
0.0420764 
0.0420762 
0.0420763 
0.0420763 
0.0420762 
0.0420763 
0.0419236 
0.0416173 
0.0414208 
0.041294 
0.0412132 
0.0411613 
0.0410098 
0.0406666 
0.0404457 
0.0403032 
0.0402121 
0.0401536 
0.0401164 
0.0400923 
0.0400765 
0.0400668 
0.0400606 
0.0400566 
0.0400542 
0.0400523 
0.0400513 
0.0400508 
0.0400503 
0.04005 
0.0400499 
0.0400497 
0.0400496 
0.0400496 
0.0400497 
0.0400495 
0.0400495 
0.0400495 
0.0400495 
0.0400495 
0.0400495 
0.0400495 
0.0400495 
0.0397111 
0.039484 
0.0393391 
0.0392454 
0.0391851 
0.0391467 
0.0391219 
0.0391063 
0.0390962 
0.0390897 
0.0390856 
0.0390829 
0.0390814 
0.0390803 
0.0390795 
0.039079 
0.0390788 
0.0390786 
0.0389868 
0.038679 
0.0384798 
0.0383523 
0.0382712 
0.0382192 
0.0381849 
0.0381637 
0.03815 
0.038141 
0.0381354 
0.0381319 
0.0381295 
0.038128 
0.038127 
0.0381265 
0.0381262 
0.0381257 
0.0381256 
0.0381255 
0.0381255 
0.0381254 
0.0381255 
0.0381254 
0.0381254 
0.0381254 
0.0381254 
0.0381254 
0.0381254 
0.0381254 
0.0381254 
0.0381254 
0.0381253 
0.0381253 
0.0381254 
0.0379782 
0.037709 
0.0375346 
0.0374221 
0.03735 
0.0373042 
0.0372751 
0.0372562 
0.0372443 
0.0372364 
0.037093 
0.0368159 
0.036638 
0.0365222 
0.0364486 
0.0364021 
0.0363715 
0.0363519 
0.0363398 
0.0363317 
0.0363266 
0.0363233 
0.0363213 
0.0363201 
0.0363192 
0.0363186 
0.0363182 
0.036318 
0.0363179 
0.0363177 
0.0363178 
0.0363178 
0.0363177 
0.0363175 
0.0363177 
0.0363176 
0.0363176 
0.0362504 
0.0359621 
0.035776 
0.0356557 
0.0355794 
0.0355307 
0.0354989 
0.0354787 
0.035466 
0.0354577 
0.0354523 
0.0354489 
0.0354467 
0.0354453 
0.0354114 
0.0351121 
0.034918 
0.0347947 
0.0347145 
0.0346637 
0.0346308 
0.0346096 
0.0345965 
0.0345879 
0.0345824 
0.0345789 
0.0344964 
0.0342123 
0.03403 
0.0339125 
0.0338362 
0.0337883 
0.0337568 
0.0337371 
0.0337244 
0.0337162 
0.0337109 
0.0337075 
0.0337053 
0.0337041 
0.0337033 
0.0337026 
0.0337024 
0.0337021 
0.0337021 
0.0337019 
0.0337018 
0.0337018 
0.0337018 
0.0337018 
0.0337018 
0.0337017 
0.0337017 
0.0337017 
0.0337017 
0.0337017 
0.0337018 
0.0337017 
0.0337017 
0.0337017 
0.0337017 
0.0337017 
0.0337017 
0.0337017 
