2.49067 
1.40334 
0.806992 
0.725248 
0.546571 
0.470575 
0.398338 
0.38129 
0.337218 
0.323256 
0.306813 
0.293243 
0.256274 
0.237866 
0.22788 
0.210479 
0.192029 
0.177557 
0.164656 
0.157528 
0.145624 
0.136901 
0.132316 
0.123154 
0.118247 
0.111012 
0.108051 
0.100832 
0.0978709 
0.0961206 
0.0893838 
0.0851991 
0.0803401 
0.0795666 
0.0787494 
0.075032 
0.070124 
0.0695775 
0.0663969 
0.063747 
0.0600586 
0.0579228 
0.0572019 
0.0540764 
0.0524295 
0.0516347 
0.0494282 
0.0490109 
0.0481477 
0.0455059 
0.0446506 
0.0423643 
0.0421476 
0.0410316 
0.0389926 
0.0385488 
0.0370903 
0.0364213 
0.0358092 
0.0351872 
0.0337603 
0.0328651 
0.0324164 
0.0321527 
0.0306315 
0.0303801 
0.0294683 
0.0286884 
0.0275557 
0.0272884 
0.0267954 
0.0262732 
0.0258885 
0.0244402 
0.0238061 
0.0230168 
0.0227511 
0.0225746 
0.0218212 
0.0215465 
0.0213385 
0.0206519 
0.0200701 
0.0198425 
0.0194613 
0.0193163 
0.0185736 
0.0183544 
0.0180488 
0.0172511 
0.0169347 
0.0161592 
0.015844 
0.0155336 
0.0151177 
0.0147455 
0.0142136 
0.0139256 
0.0135044 
0.0133936 
0.0129158 
0.0127833 
0.0124731 
0.0122546 
0.0118252 
0.0114465 
0.0113745 
0.0110681 
0.0108707 
0.0106843 
0.010288 
0.0100704 
0.00971529 
0.00962046 
0.00930251 
0.00906083 
0.00890341 
0.00868358 
0.00853189 
0.00823236 
0.00800863 
0.0075924 
0.00745213 
0.0073659 
0.00718245 
0.00706778 
0.00692765 
0.00679747 
0.00643691 
0.0062498 
0.00612035 
0.0060134 
0.00599927 
0.00583415 
0.00550544 
0.00520426 
0.00513707 
0.00473405 
0.00467149 
0.00452601 
0.00429504 
0.00413704 
0.00412206 
0.00397401 
0.00384797 
0.00368739 
0.00352923 
0.00344194 
0.00338765 
0.00310354 
0.00300428 
0.00275477 
0.00268912 
0.00259736 
0.0024413 
0.00230524 
0.00221954 
0.00195665 
0.00191618 
0.0016503 
0.00146727 
0.00132981 
0.00108608 
0.000981079 
0.000879428 
0.000839659 
0.000653285 
0.000532311 
0.000380449 
0.000312463 
0.000280135 
0.00022811 
0.000154771 
0.000119349 
8.99994e-05 
8.16032e-05 
7.8777e-05 
6.71812e-05 
4.74347e-05 
3.54829e-05 
3.28847e-05 
2.75911e-05 
2.19992e-05 
1.70398e-05 
1.44899e-05 
1.18753e-05 
1.01002e-05 
9.19734e-06 
8.28262e-06 
7.12563e-06 
6.46498e-06 
4.44562e-06 
3.97107e-06 
3.70816e-06 
2.80542e-06 
2.48881e-06 
1.92376e-06 
1.43348e-06 
1.09059e-06 
9.74708e-07 
7.84999e-07 
4.77402e-07 
3.95213e-07 
2.81499e-07 
1.86287e-07 
1.33873e-07 
9.12516e-08 
8.0229e-08 
7.22062e-08 
6.93093e-08 
6.42383e-08 
5.74208e-08 
5.50957e-08 
5.00718e-08 
4.72424e-08 
4.15926e-08 
3.7748e-08 
3.59722e-08 
3.25722e-08 
2.98682e-08 
2.90675e-08 
2.85002e-08 
2.64624e-08 
2.55106e-08 
2.51414e-08 
2.40199e-08 
2.30459e-08 
2.19221e-08 
2.08276e-08 
2.02785e-08 
1.98909e-08 
1.94285e-08 
1.87731e-08 
1.83586e-08 
1.76506e-08 
1.72744e-08 
1.67511e-08 
1.6635e-08 
1.61732e-08 
1.56489e-08 
1.544e-08 
1.45887e-08 
1.40208e-08 
1.36221e-08 
1.34269e-08 
1.32815e-08 
1.27778e-08 
1.22727e-08 
1.16066e-08 
1.15494e-08 
1.10382e-08 
1.05917e-08 
1.02331e-08 
1.00871e-08 
9.39273e-09 
9.16243e-09 
9.01573e-09 
