2.49071 
1.40339 
0.807002 
0.725242 
0.546615 
0.4707 
0.398516 
0.381312 
0.337275 
0.32338 
0.306827 
0.29322 
0.256331 
0.241247 
0.228136 
0.210626 
0.191922 
0.177574 
0.164354 
0.157488 
0.145711 
0.136914 
0.132439 
0.122906 
0.117956 
0.110983 
0.108086 
0.100777 
0.0980561 
0.0960988 
0.0888266 
0.0847923 
0.0801686 
0.0789619 
0.078651 
0.0747956 
0.0701484 
0.0694981 
0.0653606 
0.0629634 
0.059907 
0.0578211 
0.0565372 
0.0538593 
0.0524472 
0.0515987 
0.049434 
0.048984 
0.0480767 
0.0455481 
0.0446325 
0.042272 
0.0418929 
0.0405043 
0.0389779 
0.0382592 
0.0372125 
0.036288 
0.0352063 
0.0348569 
0.0337615 
0.0328192 
0.0324206 
0.032146 
0.0306186 
0.0303921 
0.0293162 
0.0286796 
0.0275757 
0.0272667 
0.0264951 
0.0260946 
0.0257645 
1.60929e-07 
1.51585e-07 
1.39139e-07 
1.12764e-07 
1.08618e-07 
7.46941e-08 
6.88433e-08 
6.85307e-08 
6.49097e-08 
5.97746e-08 
5.7593e-08 
5.59636e-08 
5.49865e-08 
5.38064e-08 
5.29211e-08 
5.06982e-08 
4.94706e-08 
4.89936e-08 
4.75033e-08 
4.70231e-08 
4.55187e-08 
4.43221e-08 
4.28393e-08 
4.2468e-08 
4.17736e-08 
4.13267e-08 
4.05441e-08 
4.00415e-08 
3.86979e-08 
3.85613e-08 
3.72197e-08 
3.68264e-08 
3.66825e-08 
3.62544e-08 
3.57292e-08 
3.50769e-08 
3.44611e-08 
3.40835e-08 
3.37306e-08 
3.36291e-08 
3.31709e-08 
3.27091e-08 
3.24907e-08 
3.17907e-08 
3.15694e-08 
3.12024e-08 
3.10595e-08 
3.04212e-08 
3.01006e-08 
2.97079e-08 
2.91661e-08 
2.91476e-08 
2.88339e-08 
2.83331e-08 
2.80759e-08 
2.7666e-08 
2.74837e-08 
2.70722e-08 
2.67641e-08 
2.64517e-08 
2.63589e-08 
2.57482e-08 
2.55479e-08 
2.52308e-08 
2.48814e-08 
2.46922e-08 
2.44651e-08 
2.42074e-08 
2.37362e-08 
2.35247e-08 
2.32333e-08 
2.28432e-08 
2.26734e-08 
2.25678e-08 
2.22317e-08 
2.17172e-08 
2.15742e-08 
2.14758e-08 
2.1034e-08 
2.09912e-08 
2.07215e-08 
2.04724e-08 
2.03093e-08 
2.00909e-08 
1.95864e-08 
1.94536e-08 
1.92623e-08 
1.8896e-08 
1.87398e-08 
1.84915e-08 
1.82237e-08 
1.81259e-08 
1.78395e-08 
1.76757e-08 
1.75717e-08 
1.75109e-08 
1.72083e-08 
1.69471e-08 
1.68143e-08 
1.65709e-08 
1.63704e-08 
1.62765e-08 
1.60636e-08 
1.59738e-08 
1.56823e-08 
1.55924e-08 
1.53988e-08 
1.49146e-08 
1.47993e-08 
1.47226e-08 
1.46538e-08 
1.45695e-08 
1.45421e-08 
1.43302e-08 
1.40947e-08 
1.38183e-08 
1.3776e-08 
1.35518e-08 
1.34098e-08 
1.3295e-08 
1.31929e-08 
1.3004e-08 
1.27892e-08 
1.26272e-08 
1.25143e-08 
1.23462e-08 
1.22034e-08 
1.19678e-08 
1.19228e-08 
1.16965e-08 
1.15264e-08 
1.14702e-08 
1.13509e-08 
1.12468e-08 
1.11533e-08 
1.10364e-08 
1.08656e-08 
1.07386e-08 
1.05718e-08 
1.03151e-08 
1.00885e-08 
9.95935e-09 
9.86215e-09 
9.83697e-09 
9.69149e-09 
9.53599e-09 
9.43628e-09 
9.20173e-09 
9.1674e-09 
9.10377e-09 
8.94048e-09 
8.82127e-09 
8.74017e-09 
8.57483e-09 
8.47069e-09 
8.32994e-09 
8.2261e-09 
8.17954e-09 
7.87861e-09 
7.71094e-09 
7.61017e-09 
7.4825e-09 
7.43021e-09 
7.17079e-09 
7.12052e-09 
7.10099e-09 
6.90638e-09 
6.82958e-09 
6.80508e-09 
6.44184e-09 
6.36158e-09 
6.14605e-09 
5.96493e-09 
5.83856e-09 
5.67135e-09 
5.51587e-09 
5.37117e-09 
5.35011e-09 
4.80317e-09 
4.6753e-09 
4.47201e-09 
4.28272e-09 
3.84427e-09 
2.97037e-09 
