0 
0 
0 
0.479572 
0.881804 
1.20359 
1.46099 
1.66696 
1.83171 
1.96352 
2.121 
2.47563 
2.75929 
2.98623 
3.16785 
3.31308 
3.42928 
3.52226 
3.59662 
3.6561 
3.70366 
3.74173 
3.77219 
3.80008 
3.98039 
4.12446 
4.23975 
4.40863 
4.61217 
4.775 
4.90529 
5.0095 
5.09282 
5.15954 
5.21292 
5.25555 
5.28971 
5.31712 
5.36768 
5.48876 
5.58559 
5.663 
5.72495 
5.77457 
5.8143 
5.84601 
5.9551 
6.05275 
6.13091 
6.1935 
6.24353 
6.28353 
6.31564 
6.34122 
6.36163 
6.39907 
6.48772 
6.55859 
6.6484 
6.76337 
6.85537 
6.92901 
6.98792 
7.03498 
7.07259 
7.10287 
7.12688 
7.20554 
7.2766 
7.33345 
7.4231 
7.51532 
7.58903 
7.64805 
7.72693 
7.81976 
7.89389 
7.95333 
8.04473 
8.13251 
8.20283 
8.25919 
8.30414 
8.34002 
8.36884 
8.39191 
8.41039 
8.42515 
8.43695 
8.44628 
8.47783 
8.53037 
8.57233 
8.60594 
8.63286 
8.65436 
8.68924 
8.7477 
8.7945 
8.83195 
8.86194 
8.88586 
8.92328 
8.98064 
9.02635 
9.06319 
9.09247 
9.11587 
9.13465 
9.14957 
9.16184 
9.1845 
9.23171 
9.26939 
9.29967 
9.32373 
9.34307 
9.35856 
9.37104 
9.38091 
9.38869 
9.39505 
9.40016 
9.43192 
9.46808 
9.49692 
9.52001 
9.53841 
9.55322 
9.56507 
9.57437 
9.58208 
9.5881 
9.60025 
9.63831 
9.66854 
9.69291 
9.71221 
9.72766 
9.74021 
9.75011 
9.75811 
9.76439 
9.76946 
9.77362 
9.80545 
9.83543 
9.85914 
9.87819 
9.89328 
9.90557 
9.9228 
9.96082 
9.99084 
10.0149 
10.0341 
10.0498 
10.0621 
10.0721 
10.08 
10.0861 
10.0914 
10.0954 
10.0986 
10.1135 
10.1424 
10.1653 
10.1837 
10.1984 
10.2103 
10.2197 
10.2271 
10.2333 
10.2383 
10.2417 
10.256 
10.2836 
10.3057 
10.3234 
10.3376 
10.349 
10.3646 
10.3969 
10.4229 
10.4438 
10.4601 
10.4735 
10.4842 
10.4928 
10.4994 
10.505 
10.5095 
10.5128 
10.5155 
10.5177 
10.5196 
10.536 
10.5587 
10.5769 
10.5912 
10.6029 
10.6123 
10.6199 
10.6257 
10.6316 
10.6586 
10.6805 
10.6978 
10.7117 
10.7229 
10.7321 
10.7388 
10.7448 
10.7494 
10.753 
10.7558 
10.7582 
10.7602 
10.7779 
10.798 
10.8142 
10.8269 
10.8374 
10.8457 
10.8663 
10.8903 
10.9096 
10.9252 
10.9375 
10.9472 
10.9549 
10.9614 
10.9665 
10.9705 
10.9737 
10.9763 
10.9784 
10.9801 
10.9814 
10.9823 
10.9834 
11.0028 
11.0194 
11.0332 
11.044 
11.0526 
11.0595 
11.066 
11.09 
11.1091 
11.1243 
11.1365 
11.1462 
11.1708 
11.1926 
11.2105 
11.2246 
11.236 
11.2452 
11.2526 
11.2583 
11.2629 
11.2666 
11.2697 
11.2721 
11.2739 
11.2755 
11.2767 
11.2776 
11.2785 
11.2791 
11.2796 
11.2798 
11.2803 
11.2904 
11.306 
11.3193 
11.3295 
11.3374 
11.3441 
11.3498 
11.3537 
11.357 
11.3594 
11.3617 
11.3632 
11.3646 
11.3688 
11.3858 
11.3998 
11.4109 
11.4197 
11.427 
11.4326 
11.4373 
11.441 
11.4439 
11.4459 
11.4477 
11.4493 
11.4505 
11.4514 
11.4524 
11.4528 
11.4549 
11.4708 
11.4843 
11.4939 
11.5024 
11.5143 
11.5366 
11.5681 
11.5926 
11.6129 
11.6288 
11.6415 
11.652 
11.6602 
11.6666 
11.672 
11.676 
11.6794 
11.6822 
11.6843 
11.686 
11.6874 
11.6889 
11.7003 
11.7139 
11.7247 
11.7334 
11.7403 
11.7457 
11.7501 
11.7536 
11.7567 
11.7586 
11.7607 
11.762 
11.7632 
11.7642 
11.7645 
11.7655 
11.7658 
11.7667 
11.7665 
11.7667 
11.7668 
11.7671 
11.7759 
11.7881 
11.7983 
11.8092 
11.829 
11.8449 
11.8569 
11.867 
11.8752 
11.8812 
11.8867 
11.8907 
11.8943 
11.8966 
11.8992 
11.9005 
11.9023 
11.9032 
11.9039 
11.9046 
11.9047 
11.906 
11.9059 
11.9063 
11.9065 
11.9065 
11.9131 
11.9246 
11.9346 
11.9417 
11.9483 
11.9529 
11.9571 
11.9602 
11.9624 
11.9645 
11.9666 
11.9679 
11.9691 
11.9694 
11.9702 
11.9827 
11.9932 
12.0017 
12.0085 
12.0142 
12.0182 
12.0218 
12.0247 
12.0266 
12.0284 
12.0299 
12.0307 
12.0319 
12.0325 
12.0333 
12.0341 
12.0345 
12.0345 
12.0346 
12.0351 
12.0415 
12.0525 
12.061 
12.0681 
12.0734 
12.0777 
12.0818 
12.084 
12.0868 
12.0886 
12.0897 
12.0913 
12.0916 
12.0925 
12.0934 
12.0996 
12.1102 
12.119 
12.1259 
12.1312 
12.1356 
12.1392 
12.1421 
12.1443 
12.1465 
12.1566 
12.1671 
12.176 
12.1825 
12.1883 
12.1926 
12.1955 
12.1988 
12.2011 
12.2023 
12.2039 
12.2054 
12.2063 
12.2069 
12.2074 
12.2081 
12.2082 
12.209 
12.209 
12.2093 
12.2089 
12.2095 
12.2175 
12.2268 
12.2346 
12.24 
12.2448 
12.2488 
12.2515 
12.2537 
12.256 
12.2579 
12.2588 
12.2593 
12.2642 
12.2745 
12.2832 
12.2899 
12.2945 
12.2989 
12.3025 
12.3058 
12.3124 
12.3229 
12.3325 
12.3397 
12.3451 
12.3494 
12.3532 
12.3565 
12.3587 
12.3604 
12.3617 
12.3632 
12.3643 
12.3649 
12.3653 
12.366 
12.3667 
12.3662 
12.3664 
12.3667 
12.3674 
12.3705 
12.3789 
12.3873 
12.3933 
12.3975 
12.4068 
12.4188 
12.428 
12.4358 
12.4419 
12.4472 
12.4503 
12.454 
12.4564 
12.4582 
12.4698 
12.4782 
12.4852 
12.4916 
12.4959 
12.4996 
12.5029 
12.5046 
12.507 
12.508 
12.5096 
12.5107 
12.5117 
12.5114 
12.5118 
12.5126 
12.513 
12.5134 
12.5133 
12.5136 
12.5141 
12.5139 
12.5137 
12.5139 
12.514 
12.5144 
12.5139 
12.5137 
12.5145 
12.5234 
12.531 
12.5362 
12.5409 
12.5443 
12.5479 
12.5504 
12.5525 
12.5539 
12.5553 
12.556 
12.5637 
12.5719 
12.5782 
12.5835 
12.5878 
12.5909 
12.5941 
12.5956 
12.5977 
12.5989 
12.6003 
12.601 
12.6018 
12.6022 
12.6029 
12.603 
12.6037 
12.604 
12.6039 
12.6038 
12.6049 
12.6044 
12.6046 
12.6051 
12.6043 
12.6044 
12.6041 
12.6048 
12.6044 
12.6041 
12.6047 
12.6097 
12.6178 
12.6231 
12.6276 
12.6315 
12.637 
12.6467 
12.6554 
12.6622 
12.6673 
12.6719 
12.6758 
12.6778 
12.6796 
12.6815 
12.6832 
12.6842 
12.6848 
12.686 
12.6864 
12.6867 
12.6868 
12.6873 
12.6879 
12.6878 
12.688 
12.6939 
12.7002 
12.7066 
12.7108 
12.7148 
12.7174 
12.7204 
12.7214 
12.7229 
12.7245 
12.7254 
12.7264 
12.7269 
12.7277 
12.7279 
12.7282 
12.7276 
12.7278 
12.7283 
12.729 
12.7292 
12.7284 
12.7288 
12.7287 
12.7337 
12.7398 
12.7453 
12.7504 
12.7535 
12.7571 
12.7591 
12.7605 
12.7622 
12.7635 
12.7642 
12.7646 
12.7706 
12.7771 
12.7837 
12.7883 
12.7918 
12.7947 
12.7969 
12.7994 
12.8003 
12.8016 
12.8031 
12.803 
12.8039 
12.8045 
12.8046 
12.8049 
12.8055 
12.8058 
12.807 
12.8143 
12.8201 
12.8248 
12.8278 
12.8318 
12.8335 
12.8355 
12.8375 
12.8383 
12.84 
12.84 
12.8406 
12.8418 
12.842 
12.8424 
12.8425 
12.843 
12.8504 
12.856 
12.8605 
12.864 
12.8673 
12.8708 
12.8716 
12.874 
12.8752 
12.8762 
12.8762 
12.877 
12.8775 
12.878 
12.8781 
12.8789 
12.8793 
12.8796 
12.8793 
12.8789 
12.8797 
12.8867 
12.8918 
12.8971 
12.9001 
12.9028 
12.9054 
12.9078 
12.9141 
12.9218 
12.9269 
12.9319 
12.9358 
12.9381 
12.9398 
12.9425 
12.9438 
12.9451 
12.946 
12.9465 
12.9478 
12.9478 
12.9483 
12.9494 
12.9492 
12.9492 
12.9488 
12.9492 
12.9495 
12.95 
12.9499 
12.9514 
12.958 
12.9633 
12.9674 
12.9705 
12.9736 
12.9752 
12.9773 
12.978 
12.9789 
12.9804 
12.9809 
12.9816 
12.9817 
12.9822 
12.9833 
12.9829 
12.9825 
12.9828 
12.9832 
12.9838 
12.9838 
12.9909 
12.9952 
12.9999 
13.0032 
13.0057 
13.0083 
13.0098 
13.011 
13.0124 
13.0168 
13.0232 
13.0293 
13.0322 
13.0352 
13.0386 
13.0403 
13.0481 
13.0545 
13.0594 
13.0646 
13.0677 
13.0703 
13.0724 
13.0744 
13.0749 
13.076 
13.0778 
13.0785 
13.0785 
13.0794 
13.0792 
13.0796 
13.0805 
13.0804 
13.0806 
13.0805 
13.0809 
13.08 
13.0803 
13.0809 
13.0813 
13.081 
13.0808 
13.0809 
13.0816 
13.081 
13.0808 
13.0805 
13.0806 
13.0816 
13.0816 
13.0812 
13.0813 
13.0808 
13.0837 
13.0893 
13.0932 
13.097 
13.0997 
13.1018 
13.1061 
13.1128 
13.1192 
13.1238 
13.1268 
13.13 
13.1324 
13.135 
13.137 
13.1375 
13.1382 
13.1392 
13.1388 
13.1406 
13.1408 
13.1408 
13.1406 
13.1409 
13.1414 
13.1423 
13.1418 
13.1417 
13.142 
13.1417 
13.1421 
13.1414 
13.1421 
13.1415 
13.1417 
13.1414 
13.1424 
13.1466 
13.1521 
13.1566 
13.1588 
13.162 
13.1635 
13.1656 
13.1668 
13.1677 
13.1679 
13.1685 
13.17 
13.1698 
13.1694 
13.1711 
13.1705 
13.1708 
13.1714 
13.1724 
13.1778 
13.1827 
13.1862 
13.1879 
13.1906 
13.1922 
13.1939 
13.1957 
13.1967 
13.1965 
13.197 
13.1978 
13.1991 
13.1982 
13.1995 
13.1996 
13.1991 
13.1999 
13.2004 
13.1995 
13.1994 
13.2003 
13.2002 
13.1995 
13.1999 
13.1993 
13.1995 
13.2 
13.1995 
13.2001 
13.2 
13.2002 
13.1997 
13.2002 
13.2029 
13.207 
13.2116 
13.2146 
13.2179 
13.2193 
13.2207 
13.223 
13.223 
13.2244 
13.227 
13.2325 
13.2364 
13.2405 
13.2441 
13.2455 
13.2475 
13.2491 
13.2497 
13.2519 
13.252 
13.253 
13.2534 
13.2524 
13.2536 
13.2537 
13.2539 
13.2537 
13.2548 
13.2548 
13.2547 
13.2539 
13.2546 
13.255 
13.2548 
13.2549 
13.2548 
13.2561 
13.2608 
13.2646 
13.2683 
13.271 
13.2723 
13.275 
13.2767 
13.2764 
13.278 
13.2788 
13.279 
13.2795 
13.2804 
13.2807 
13.286 
13.2913 
13.2933 
13.2963 
13.2986 
13.3018 
13.3018 
13.3031 
13.3032 
13.3043 
13.3059 
13.3079 
13.312 
13.3158 
13.319 
13.3223 
13.3246 
13.3263 
13.3269 
13.3289 
13.3298 
13.3303 
13.3311 
13.3325 
13.3322 
13.3315 
13.3333 
13.332 
13.3324 
13.332 
13.3328 
13.3328 
13.3326 
13.3335 
13.3336 
13.3339 
13.3327 
13.3329 
13.333 
13.3327 
13.3338 
13.3332 
13.333 
13.3334 
13.3341 
13.3332 
13.3329 
13.3335 
13.3336 
