1 
1 
1 
1 
1 
1 
1 
1 
1 
1 
1 
1 
1 
1 
1 
1 
1 
1 
1 
1 
1 
1 
1 
0.999292 
0.969971 
0.943197 
0.918805 
0.896583 
0.876383 
0.85802 
0.841342 
0.82619 
0.81244 
0.799955 
0.788616 
0.778318 
0.768957 
0.760452 
0.752718 
0.745673 
0.739258 
0.73341 
0.728074 
0.723199 
0.718746 
0.714675 
0.710945 
0.704878 
0.687645 
0.672634 
0.659531 
0.648059 
0.63798 
0.629081 
0.621182 
0.61411 
0.607748 
0.601984 
0.59673 
0.591917 
0.587475 
0.583365 
0.579538 
0.575971 
0.572631 
0.569495 
0.566547 
0.563773 
0.561161 
0.558691 
0.556365 
0.554167 
0.552096 
0.55014 
0.548292 
0.546548 
0.544901 
0.54335 
0.541884 
0.5405 
0.539195 
0.537963 
0.536799 
0.535701 
0.534663 
0.530662 
0.524913 
0.519621 
0.514754 
0.510275 
0.506148 
0.502349 
0.498852 
0.495622 
0.492641 
0.485764 
0.479098 
0.473101 
0.467696 
0.462815 
0.458392 
0.454369 
0.450695 
0.447327 
0.444226 
0.441364 
0.438303 
0.433107 
0.428571 
0.424579 
0.421029 
0.417847 
0.414972 
0.41235 
0.409944 
0.407719 
0.405653 
0.403723 
0.401907 
0.400199 
0.398578 
0.397039 
0.395572 
0.394167 
0.392823 
0.391529 
0.390282 
0.389079 
0.387255 
0.385335 
0.383547 
0.38187 
0.380283 
0.378772 
0.377325 
0.375932 
0.374582 
0.373277 
0.372007 
0.370768 
0.369558 
0.368376 
0.366798 
0.365158 
0.363617 
0.362157 
0.360767 
0.359437 
0.358163 
0.356936 
0.355751 
0.354607 
0.353499 
0.352423 
0.351376 
0.350354 
0.34936 
0.348389 
0.347441 
0.346514 
0.345604 
0.344714 
0.343841 
0.342984 
0.342143 
0.341314 
0.340502 
0.3397 
0.33891 
0.337833 
0.336205 
0.334682 
0.333247 
0.33189 
0.330604 
0.329378 
0.328207 
0.327084 
0.326004 
0.324966 
0.323962 
0.322331 
0.320061 
0.317974 
0.31604 
0.314242 
0.312562 
0.310978 
0.309489 
0.308075 
0.306731 
0.305448 
0.304219 
0.303035 
0.30172 
0.299957 
0.298314 
0.296769 
0.29531 
0.293924 
0.292606 
0.291341 
0.290126 
0.288954 
0.287819 
0.28672 
0.285651 
0.284611 
0.283596 
0.282121 
0.280603 
0.27917 
0.277817 
0.276533 
0.275311 
0.274144 
0.273028 
0.271956 
0.270924 
0.269933 
0.268972 
0.268044 
0.267144 
0.266272 
0.265422 
0.264459 
0.263217 
0.262042 
0.260936 
0.259881 
0.258877 
0.257915 
0.256991 
0.256101 
0.255244 
0.254412 
0.253502 
0.252357 
0.251279 
0.250254 
0.249281 
0.24835 
0.247455 
0.246597 
0.245768 
0.244967 
0.244194 
0.243443 
0.242714 
0.241816 
0.240817 
0.23988 
0.238997 
0.23816 
0.237363 
0.236603 
0.235873 
0.23517 
0.23449 
0.233832 
0.233099 
0.23218 
0.231313 
0.230491 
0.229708 
0.22896 
0.228239 
0.227543 
0.22687 
0.225995 
0.22511 
0.224266 
0.22346 
0.222687 
0.221946 
0.221228 
0.220533 
0.219859 
0.219202 
0.218562 
0.217936 
0.217323 
0.216721 
0.216128 
0.215545 
0.21497 
0.214401 
0.21384 
0.213284 
0.212486 
0.211678 
0.210905 
0.210163 
0.209181 
0.208237 
0.207348 
0.206505 
0.205705 
0.20494 
0.204208 
0.203502 
0.202823 
0.202164 
0.201526 
0.20083 
0.200018 
0.199243 
0.198503 
0.19779 
0.197106 
0.196443 
0.195803 
0.195071 
0.194332 
0.19363 
0.192957 
0.192312 
0.191685 
0.191079 
0.190489 
0.189912 
0.189345 
0.188788 
0.188238 
0.187568 
0.186812 
0.186094 
0.185408 
0.184753 
0.184123 
0.183516 
0.182929 
0.182362 
0.181811 
0.181277 
0.180756 
0.180246 
0.179616 
0.178946 
0.178309 
0.1777 
0.177117 
0.176554 
0.176014 
0.175492 
0.174985 
0.174494 
0.174016 
0.173553 
0.173099 
0.172656 
0.172224 
0.171799 
0.171383 
0.170975 
0.170574 
0.17018 
0.169791 
0.169408 
0.169031 
0.168658 
0.168291 
0.167927 
0.167547 
0.167024 
0.166519 
0.166034 
0.165564 
0.165109 
0.164668 
0.164237 
0.163818 
0.16338 
0.162833 
0.162312 
0.161814 
0.161338 
0.160879 
0.160436 
0.160009 
0.159595 
0.159191 
0.158798 
0.158417 
0.158044 
0.157678 
0.157321 
0.156969 
0.156624 
0.156285 
0.155951 
0.155562 
0.155086 
0.154631 
0.154196 
0.153779 
0.153377 
0.152989 
0.152613 
0.152248 
0.151894 
0.151547 
0.151209 
0.150879 
0.150555 
0.150126 
0.149713 
0.149318 
0.148938 
0.148572 
0.148219 
0.147874 
0.147541 
0.147215 
0.146897 
0.146586 
0.146282 
0.145982 
0.145688 
0.145399 
0.145114 
0.144833 
0.144557 
0.144283 
0.144013 
0.143746 
0.143481 
0.143219 
0.14296 
0.142704 
0.142449 
0.142078 
0.141714 
0.141364 
0.141025 
0.140699 
0.140381 
0.140072 
0.13977 
0.139444 
0.139051 
0.138675 
0.138317 
0.137972 
0.137639 
0.137265 
0.136847 
0.13645 
0.136074 
0.135713 
0.135369 
0.135038 
0.134718 
0.134411 
0.134113 
0.133823 
0.133542 
0.133266 
0.132998 
0.132737 
0.13248 
0.132228 
0.131973 
0.131642 
0.131325 
0.13102 
0.130726 
0.130442 
0.130165 
0.129898 
0.129636 
0.129382 
0.129134 
0.12889 
0.128651 
0.128417 
0.128187 
0.12796 
0.127737 
0.127518 
0.127301 
0.127087 
0.126876 
0.126666 
0.126459 
0.126255 
0.126052 
0.125851 
0.125652 
0.125444 
0.125184 
0.12493 
0.124684 
0.124442 
0.124206 
0.123973 
0.123742 
0.123514 
0.123211 
0.122914 
0.122629 
0.122354 
0.12209 
0.121834 
0.121586 
0.121344 
0.121108 
0.120878 
0.120653 
0.120433 
0.120217 
0.120004 
0.119796 
0.119591 
0.119389 
0.119189 
0.118993 
0.118762 
0.118503 
0.118255 
0.118013 
0.117779 
0.117552 
0.11733 
0.117115 
0.116903 
0.116696 
0.116494 
0.116294 
0.116097 
0.115904 
0.115713 
0.115524 
0.115338 
0.115153 
0.11497 
0.114789 
0.114609 
0.114431 
0.114254 
0.114078 
0.113903 
0.113724 
0.113462 
0.113209 
0.112966 
0.112731 
0.112503 
0.112282 
0.112068 
0.111858 
0.111655 
0.111454 
0.111257 
0.111065 
0.110875 
0.110688 
0.110505 
0.110324 
0.110145 
0.109891 
0.109648 
0.109414 
0.10919 
0.108973 
0.108763 
0.108559 
0.10836 
0.108167 
0.107978 
0.107793 
0.107612 
0.107433 
0.107259 
0.107086 
0.106917 
0.10675 
0.106585 
0.106422 
0.10626 
0.106102 
0.105944 
0.105787 
0.105633 
0.10548 
0.105328 
0.105177 
0.105027 
0.104878 
0.104726 
0.104523 
0.104326 
0.104135 
0.103949 
0.103767 
0.103589 
0.103416 
0.103245 
0.103021 
0.102773 
0.102538 
0.102313 
0.102098 
0.101889 
0.101689 
0.101494 
0.101306 
0.101122 
0.100944 
0.100769 
0.100599 
0.100432 
0.100269 
0.100108 
0.0999492 
0.0997934 
0.0996396 
0.099488 
0.0993379 
0.0991464 
0.0989285 
0.098719 
0.0985168 
0.0983232 
0.0981354 
0.0979533 
0.0977761 
0.0976034 
0.0974359 
0.0972709 
0.0971091 
0.0969516 
0.0967967 
0.096644 
0.0964938 
0.0963459 
0.0962003 
0.0960565 
0.0959147 
0.0957739 
0.0956349 
0.095497 
0.0953609 
0.0952261 
0.0950917 
0.0949588 
0.0948274 
0.0946963 
0.094566 
0.0944373 
0.0943089 
0.0941814 
0.0940541 
0.0938666 
0.0936727 
0.093487 
0.0933074 
0.0931332 
0.0929637 
0.0927994 
0.0926379 
0.092481 
0.0923275 
0.0921767 
0.091976 
0.0917787 
0.0915886 
0.0914088 
0.0912339 
0.0910659 
0.0909045 
0.0907472 
0.0905939 
0.0904455 
0.0902998 
0.0901584 
0.0900194 
0.0898831 
0.08975 
0.0896185 
0.0894887 
0.0893621 
0.0892364 
0.089113 
0.0889906 
0.0888697 
0.08875 
0.0886322 
0.0885149 
0.0883988 
0.0882843 
0.08817 
0.0880571 
0.0879448 
0.087833 
0.0877222 
0.0875782 
0.0874147 
0.0872555 
0.0871015 
0.0869527 
0.086808 
0.0866669 
0.0865292 
0.0863939 
0.0862623 
0.0861328 
0.0859823 
0.0858041 
0.0856341 
0.0854704 
0.0853131 
0.0851614 
0.0850139 
0.0848703 
0.0847313 
0.0845955 
0.0844636 
0.0843326 
0.0842052 
0.0840799 
0.0839567 
0.0838137 
0.0836293 
0.0834545 
0.0832857 
0.0831246 
0.0829699 
0.0828208 
0.0826773 
0.0825377 
0.0824015 
0.0822693 
0.0821395 
0.0820146 
0.0818912 
0.0817707 
0.0816519 
0.0815357 
0.0814211 
0.0813084 
0.0811975 
0.0810884 
0.0809799 
0.0808727 
0.0807671 
0.0806626 
0.0805595 
0.0804564 
0.0803549 
0.0802539 
0.0801321 
0.0799857 
0.0798441 
0.0797065 
0.0795743 
0.0794467 
0.0793215 
0.0792001 
0.0790816 
0.0789655 
0.0788518 
0.0787399 
0.0786295 
0.0785218 
0.0784152 
0.0783096 
0.0782063 
0.0781037 
0.0779991 
0.0778553 
0.0777165 
0.0775822 
0.0774521 
0.0773263 
0.0772049 
0.0770858 
0.0769684 
0.0768546 
0.0767435 
0.0766337 
0.076526 
0.0764199 
0.0763154 
0.0762122 
0.076111 
0.0760099 
0.0759108 
0.0758124 
0.0757152 
0.0756188 
0.0755231 
0.0754282 
0.0753347 
0.0752411 
0.0751482 
0.0750566 
0.074965 
0.0748745 
0.0747837 
0.074694 
0.0746049 
0.0745161 
0.0744271 
0.0743396 
0.0742522 
0.0741535 
0.0740195 
0.0738911 
0.0737655 
0.073646 
0.0735291 
0.0734164 
0.073306 
0.0731979 
0.0730927 
0.0729898 
0.0728883 
0.072789 
0.0726908 
0.0725948 
0.0724999 
0.0724057 
0.0723136 
0.0722221 
0.0721311 
0.0720416 
0.0719525 
0.0718652 
0.0717775 
0.071691 
0.0716054 
0.0715198 
0.071435 
0.0713504 
0.0712669 
0.0711838 
0.0711014 
0.0710191 
0.0709369 
0.0708466 
0.0707305 
0.0706181 
0.07051 
0.0704056 
0.0703027 
0.0702029 
0.0701049 
0.0700099 
0.0699156 
0.0698238 
0.0697334 
0.0696443 
0.0695564 
0.0694689 
0.0693831 
0.0692985 
0.0692143 
0.0691313 
0.0690487 
0.0689672 
0.0688861 
0.0688057 
0.068726 
0.0686465 
0.0685678 
0.0684896 
0.0684115 
0.0683342 
0.0682573 
0.0681803 
0.0681037 
0.0680276 
0.0679519 
0.0678766 
0.0678013 
0.0677266 
0.0676516 
0.0675776 
0.0675034 
0.0674291 
0.0673553 
0.0672389 
0.0671245 
0.0670153 
0.0669102 
0.0668092 
0.0667114 
0.066616 
0.0665228 
0.066433 
0.0663442 
0.0662574 
0.0661727 
0.0660901 
0.0660073 
0.0659264 
0.0658464 
0.0657676 
0.0656892 
0.0656126 
0.0655365 
0.0654607 
0.0653859 
0.0653115 
0.0652374 
0.0651641 
0.0650912 
0.0650188 
0.064947 
0.0648752 
0.0648042 
0.0647333 
0.0646626 
0.0645582 
0.0644585 
0.0643622 
0.0642691 
0.064179 
0.0640907 
0.0640052 
0.0639214 
0.0638395 
0.0637593 
0.0636797 
0.0636023 
0.0635256 
0.0634497 
0.0633755 
0.0633016 
0.0632285 
0.0631564 
0.063085 
0.0630139 
0.0629437 
0.0628739 
0.0628049 
0.062736 
0.0626679 
0.0626001 
0.0625326 
0.0624652 
0.0623986 
0.0623326 
0.0622661 
0.0622002 
0.0621348 
0.0620693 
0.0620045 
0.0619401 
0.0618755 
0.061811 
0.0617468 
0.061683 
0.0616192 
0.0615509 
0.0614479 
0.0613492 
0.0612547 
0.0611631 
0.061074 
0.0609876 
0.0609034 
0.0608211 
0.0607413 
0.060662 
0.0605846 
0.0605094 
0.0604342 
0.0603239 
0.0602168 
0.0601145 
0.0600171 
0.0599236 
0.0598319 
0.0597449 
0.05966 
0.0595768 
0.0594959 
0.0594172 
0.0593395 
0.0592643 
0.0591904 
0.0591174 
0.0590457 
0.0589751 
0.0589056 
0.0588365 
0.0587688 
0.0587016 
0.0586356 
0.0585697 
0.0585049 
0.0584402 
0.0583767 
0.0583131 
0.0582502 
0.0581876 
0.0581255 
0.0580637 
