2.49064 
1.40337 
0.806619 
0.725232 
0.546628 
0.469997 
0.398396 
0.381163 
0.337207 
0.32318 
0.306664 
0.293224 
0.256196 
0.241206 
0.228137 
0.210607 
0.19182 
0.177448 
0.164349 
0.157474 
0.145691 
0.135579 
0.132389 
0.122906 
0.117985 
0.110973 
0.108103 
0.100721 
0.0980353 
0.0960327 
0.0888772 
0.0840121 
0.0801572 
0.0789291 
0.0786614 
0.0748037 
0.0701119 
0.0694963 
0.0653721 
0.0630177 
0.0598955 
0.0578186 
0.056648 
0.0539145 
0.0524433 
0.0515529 
0.0492882 
0.0490306 
0.0480607 
0.0456108 
0.0446101 
0.0436115 
0.0421625 
0.0405395 
0.0391833 
0.0386844 
0.0372319 
0.0366346 
0.0361116 
0.0351515 
0.0338793 
0.0335854 
0.032481 
0.0323694 
0.0306561 
0.0304089 
0.0294515 
0.0289287 
0.0276801 
0.027273 
0.0269743 
0.0261325 
0.0257682 
0.0244894 
0.0235712 
0.0227464 
0.0226656 
0.0226343 
0.0218007 
0.0213664 
0.0210569 
0.0206862 
0.0200947 
0.019769 
0.0194023 
0.0189254 
0.0188003 
0.0182751 
0.0176487 
0.0172874 
0.0167014 
0.0160559 
0.0158256 
0.015204 
0.0148946 
0.0142674 
0.0140836 
0.0139574 
0.0134337 
0.0130406 
0.012847 
0.012687 
0.0124806 
0.0119655 
0.011693 
0.0114614 
0.0112583 
0.0110722 
0.010848 
0.0106963 
0.0103299 
0.0100295 
0.00969832 
0.00940837 
0.00927931 
0.00909191 
0.00889731 
0.00870167 
0.00842116 
0.00818164 
0.00809976 
0.0076034 
0.00751369 
0.00740664 
0.00730184 
0.00705277 
0.00689304 
0.00677682 
0.0064283 
0.00623566 
0.00609662 
0.00602764 
0.00593985 
0.00582532 
0.00539409 
0.00520415 
0.0051042 
0.0049287 
0.00469595 
0.00456219 
0.00425851 
0.00422308 
0.00419439 
0.00401272 
0.0039481 
0.00388194 
0.00368252 
0.00353622 
0.00344589 
0.00332115 
0.00308828 
0.00294869 
0.00283375 
0.00269272 
0.00258217 
0.00233716 
0.00225428 
0.00197313 
0.00194321 
0.00171794 
0.00146764 
0.00135904 
0.00109256 
0.000978873 
0.000883989 
0.000831771 
0.00064977 
0.000536331 
0.000382015 
0.00031375 
0.000285316 
0.000229919 
0.000165621 
0.000118824 
8.93145e-05 
8.2741e-05 
7.99771e-05 
6.78759e-05 
4.74499e-05 
3.53393e-05 
3.34819e-05 
2.74096e-05 
2.21641e-05 
1.71742e-05 
1.43385e-05 
1.17107e-05 
1.05837e-05 
9.13261e-06 
8.1612e-06 
7.37131e-06 
6.45375e-06 
4.47363e-06 
3.96537e-06 
3.70559e-06 
2.89391e-06 
2.4944e-06 
1.91906e-06 
1.44408e-06 
1.09543e-06 
9.76503e-07 
8.03709e-07 
4.80954e-07 
3.95336e-07 
2.83645e-07 
1.86194e-07 
1.33371e-07 
9.25871e-08 
8.21653e-08 
7.2785e-08 
7.14739e-08 
6.36111e-08 
5.86942e-08 
5.53202e-08 
4.94668e-08 
4.71187e-08 
4.03617e-08 
3.9213e-08 
3.71486e-08 
3.19302e-08 
3.07073e-08 
2.92858e-08 
2.80004e-08 
2.67531e-08 
2.51349e-08 
2.47096e-08 
2.34335e-08 
2.27955e-08 
2.25631e-08 
2.19532e-08 
2.07018e-08 
1.96606e-08 
1.96128e-08 
1.93509e-08 
1.89194e-08 
1.81255e-08 
1.74574e-08 
1.71582e-08 
1.67862e-08 
1.58806e-08 
1.55623e-08 
1.49798e-08 
1.46713e-08 
1.41949e-08 
1.39942e-08 
1.37254e-08 
1.34399e-08 
1.28501e-08 
1.26954e-08 
1.23958e-08 
1.2058e-08 
1.16861e-08 
1.09042e-08 
1.08484e-08 
1.04223e-08 
9.73335e-09 
9.19809e-09 
8.72961e-09 
