0.641383 
0.403053 
0.285812 
0.281231 
0.262397 
0.255583 
0.24931 
0.239076 
0.236623 
0.23281 
0.22706 
0.220948 
0.219091 
0.210281 
0.207079 
0.200142 
0.196319 
0.194555 
0.188942 
0.183815 
0.179198 
0.176767 
0.173782 
0.170166 
0.169219 
0.163673 
0.161885 
0.159314 
0.15729 
0.155101 
0.154004 
0.15166 
0.150627 
0.148277 
0.145299 
0.144702 
0.143497 
0.139359 
0.139139 
0.138172 
0.135453 
0.134493 
0.130892 
0.129823 
0.129386 
0.127289 
0.125433 
0.124491 
0.122364 
0.120447 
0.119914 
0.11923 
0.117732 
0.116505 
0.114481 
0.113164 
0.112374 
0.111593 
0.109996 
0.109585 
0.107886 
0.106128 
0.103938 
0.103544 
0.102202 
0.100397 
0.0991427 
0.0985738 
0.0980219 
0.0966078 
0.0951292 
0.0940256 
0.0926804 
0.0922879 
0.0909802 
0.0888774 
0.0887072 
0.0871904 
0.0856695 
0.0851825 
0.0850084 
0.0832426 
0.0825681 
0.0807457 
0.0803466 
0.0801386 
0.0787905 
0.077717 
0.0760697 
0.075774 
0.0752577 
0.0741765 
0.0732339 
0.0712711 
0.0710844 
0.0692286 
0.069002 
0.0679365 
0.0667291 
0.0662863 
0.0659764 
0.0648935 
0.0640212 
0.0634691 
0.0624888 
0.0607229 
0.0605146 
0.0592645 
0.0580344 
0.0576686 
0.057489 
0.0570645 
0.0560235 
0.055696 
0.0540036 
0.05359 
0.0531401 
0.0522965 
0.0519171 
0.0508554 
0.0505005 
0.0495987 
0.0491112 
0.0486538 
0.0481883 
0.0473038 
0.0465842 
0.0460495 
0.0456383 
0.0445842 
0.0445459 
0.0439033 
0.0436159 
0.0430247 
0.041902 
0.0415421 
0.0408839 
0.0406977 
0.0397049 
0.0391386 
0.0387845 
0.0384228 
0.0375148 
0.036661 
0.036145 
0.0361163 
0.0355538 
0.0348204 
0.0342806 
0.0340068 
0.0336069 
0.0332684 
0.0328238 
0.032027 
0.0318349 
0.0309846 
0.0305372 
0.0301077 
0.0297012 
0.0294315 
0.0289042 
0.0288356 
0.0286101 
0.027756 
0.0276894 
0.0273034 
0.0271148 
0.0263232 
0.0256296 
0.0249084 
0.0247749 
0.0246597 
0.0243515 
0.0238709 
0.0232853 
0.0227232 
0.0225118 
0.0221107 
0.0216381 
0.0215425 
0.0214752 
0.0210283 
0.0210021 
0.0205653 
0.0203932 
0.0194043 
0.0193549 
0.0189982 
0.0186971 
0.0185979 
0.0180017 
0.0178322 
0.0175059 
0.0171487 
0.0169066 
0.0167976 
0.0165193 
0.016164 
0.0158841 
0.0156864 
0.0155599 
0.0151749 
0.0149906 
0.0147459 
0.0145554 
0.0141927 
0.0139347 
0.0137683 
0.0135604 
0.0132172 
0.0129529 
0.0126121 
0.0124056 
0.0121598 
0.0118209 
0.0116929 
0.0114314 
0.011424 
0.0112069 
0.0109131 
0.0105525 
0.0104269 
0.0102928 
0.0099511 
0.00971185 
0.00941281 
0.00924626 
0.00891233 
0.00882307 
0.00848652 
0.00831854 
0.00815517 
0.00805001 
0.00793624 
0.00762694 
0.0073998 
0.00726491 
0.00702474 
0.00671299 
0.00642058 
0.00617091 
0.00608579 
0.00591265 
0.00582153 
0.00556837 
0.00535543 
0.00520182 
0.00508868 
0.00473922 
0.00446474 
0.00445692 
0.00428598 
0.00418243 
0.00379912 
0.00355852 
0.0022903 
0.00196597 
