2.35885 
1.07957 
0.646863 
0.545001 
0.36975 
0.289839 
0.287581 
0.251264 
0.243445 
0.216083 
0.200401 
0.196726 
0.165025 
0.150046 
0.147175 
0.13345 
0.129956 
0.123504 
0.116141 
0.114198 
0.108728 
0.102811 
0.100247 
0.0949974 
0.091646 
0.086719 
0.0837123 
0.0801018 
0.0758856 
0.0731118 
0.0726647 
0.0697709 
0.0652803 
0.0624867 
0.0610277 
0.0602551 
0.0578312 
0.0564884 
0.0546167 
0.0532247 
0.0503029 
0.0473718 
0.046317 
0.0422932 
0.0407547 
0.038824 
0.0371325 
0.0333988 
0.0295901 
0.0246799 
0.0227534 
0.0177888 
1.72824e-07 
1.6047e-07 
8.98444e-08 
8.47786e-08 
7.34117e-08 
6.59287e-08 
6.49901e-08 
5.51753e-08 
5.42592e-08 
5.02431e-08 
4.8599e-08 
4.65522e-08 
4.50107e-08 
4.44373e-08 
4.26455e-08 
4.19622e-08 
4.12327e-08 
4.00502e-08 
3.90478e-08 
3.85372e-08 
3.75146e-08 
3.63855e-08 
3.59008e-08 
3.51555e-08 
3.46796e-08 
3.43721e-08 
3.38029e-08 
3.32713e-08 
3.30514e-08 
3.21938e-08 
3.20219e-08 
3.10049e-08 
3.07777e-08 
3.0558e-08 
3.03577e-08 
2.97385e-08 
2.94551e-08 
2.90108e-08 
2.87753e-08 
2.84885e-08 
2.77585e-08 
2.75204e-08 
2.69241e-08 
2.66459e-08 
2.63242e-08 
2.60639e-08 
2.59548e-08 
2.56638e-08 
2.56008e-08 
2.5324e-08 
2.46841e-08 
2.44564e-08 
2.3981e-08 
2.3837e-08 
2.33705e-08 
2.3313e-08 
2.32075e-08 
2.29258e-08 
2.28076e-08 
2.25641e-08 
2.23143e-08 
2.19342e-08 
2.17085e-08 
2.13833e-08 
2.11847e-08 
2.11133e-08 
2.0835e-08 
2.06406e-08 
2.03019e-08 
2.00356e-08 
1.97189e-08 
1.95215e-08 
1.92708e-08 
1.8982e-08 
1.88368e-08 
1.87196e-08 
1.8449e-08 
1.82937e-08 
1.81156e-08 
1.79805e-08 
1.78604e-08 
1.76595e-08 
1.73492e-08 
1.72213e-08 
1.7048e-08 
1.68943e-08 
1.66428e-08 
1.6628e-08 
1.64118e-08 
1.63087e-08 
1.5952e-08 
1.58887e-08 
1.56279e-08 
1.54914e-08 
1.52469e-08 
1.51425e-08 
1.4968e-08 
1.49076e-08 
1.46281e-08 
1.46022e-08 
1.42147e-08 
1.40429e-08 
1.39445e-08 
1.39234e-08 
1.36079e-08 
1.34975e-08 
1.33355e-08 
1.30786e-08 
1.29719e-08 
1.29096e-08 
1.27656e-08 
1.24711e-08 
1.23879e-08 
1.22329e-08 
1.21179e-08 
1.20023e-08 
1.18516e-08 
1.18212e-08 
1.15698e-08 
1.15456e-08 
1.14092e-08 
1.12637e-08 
1.11937e-08 
1.11288e-08 
1.09943e-08 
1.08792e-08 
1.08447e-08 
1.06869e-08 
1.0563e-08 
1.04214e-08 
1.04099e-08 
1.02697e-08 
1.00655e-08 
1.0019e-08 
9.86396e-09 
9.72725e-09 
9.63901e-09 
9.55623e-09 
9.43679e-09 
9.25726e-09 
9.19815e-09 
9.06339e-09 
8.99646e-09 
8.7889e-09 
8.71719e-09 
8.55085e-09 
8.3757e-09 
8.29333e-09 
8.25902e-09 
8.1609e-09 
8.03331e-09 
7.95676e-09 
7.80919e-09 
7.80127e-09 
7.6106e-09 
7.58539e-09 
7.47852e-09 
7.36206e-09 
7.22423e-09 
7.12381e-09 
6.95503e-09 
6.83477e-09 
6.77999e-09 
6.72352e-09 
6.57003e-09 
6.50844e-09 
6.37731e-09 
6.33034e-09 
6.17589e-09 
6.13414e-09 
6.08567e-09 
5.96263e-09 
5.84444e-09 
5.71072e-09 
5.59105e-09 
5.53254e-09 
5.35925e-09 
5.34155e-09 
5.21772e-09 
5.16981e-09 
5.09182e-09 
4.88875e-09 
4.85286e-09 
4.7528e-09 
4.60681e-09 
4.57216e-09 
4.44816e-09 
4.33433e-09 
4.15675e-09 
4.11535e-09 
3.99264e-09 
3.89128e-09 
3.56423e-09 
3.53341e-09 
3.4058e-09 
3.3195e-09 
3.01779e-09 
2.90999e-09 
2.87183e-09 
2.62172e-09 
2.49641e-09 
2.2596e-09 
2.20175e-09 
1.40292e-09 
6.71322e-10 
