0 
0 
0 
0 
0 
0 
0 
0 
0 
0 
0 
0 
0 
0 
0 
0 
0 
0 
0 
0 
0 
0 
0 
0.00305326 
0.13115 
0.251833 
0.365428 
0.472505 
0.573328 
0.668371 
0.757941 
0.842462 
0.922156 
0.997391 
1.06843 
1.13554 
1.19898 
1.25893 
1.31563 
1.36932 
1.42014 
1.46826 
1.51389 
1.55715 
1.59816 
1.63705 
1.67402 
1.72273 
1.8312 
1.93142 
2.02419 
2.11022 
2.19008 
2.26429 
2.3334 
2.398 
2.45843 
2.5151 
2.56834 
2.61842 
2.66576 
2.71042 
2.7528 
2.79293 
2.83105 
2.86741 
2.90204 
2.93503 
2.9665 
2.9967 
3.02551 
3.05314 
3.07955 
3.10491 
3.12923 
3.15255 
3.17494 
3.19642 
3.2171 
3.23692 
3.25593 
3.27427 
3.2919 
3.30881 
3.32508 
3.36382 
3.41643 
3.46618 
3.51305 
3.55733 
3.59927 
3.63896 
3.67645 
3.71202 
3.74577 
3.80988 
3.87348 
3.93285 
3.98837 
4.04027 
4.08886 
4.13443 
4.17727 
4.2176 
4.25561 
4.29135 
4.32891 
4.38714 
4.4403 
4.48896 
4.53364 
4.57469 
4.61268 
4.6479 
4.68066 
4.71124 
4.73983 
4.7667 
4.79209 
4.8159 
4.83855 
4.86004 
4.88043 
4.90003 
4.91862 
4.93661 
4.9538 
4.97035 
4.99672 
5.02511 
5.05166 
5.07652 
5.09992 
5.12212 
5.14313 
5.16307 
5.18227 
5.20051 
5.21805 
5.23495 
5.25125 
5.26698 
5.29022 
5.31517 
5.33833 
5.35991 
5.38023 
5.39945 
5.41772 
5.4351 
5.45164 
5.46746 
5.48244 
5.49702 
5.51101 
5.52473 
5.53775 
5.55043 
5.56287 
5.57483 
5.58658 
5.59807 
5.60933 
5.62028 
5.63109 
5.64183 
5.65216 
5.66249 
5.6726 
5.68685 
5.7094 
5.73042 
5.75059 
5.76949 
5.7875 
5.80456 
5.82089 
5.83646 
5.85159 
5.86593 
5.87986 
5.90364 
5.93798 
5.96927 
5.99841 
6.02533 
6.05039 
6.07399 
6.09581 
6.11663 
6.13603 
6.15442 
6.17188 
6.18865 
6.20727 
6.23315 
6.25707 
6.27941 
6.30039 
6.32022 
6.33878 
6.35652 
6.37326 
6.38923 
6.40447 
6.4192 
6.43349 
6.44715 
6.46025 
6.48101 
6.50245 
6.52257 
6.54147 
6.5595 
6.57642 
6.59254 
6.6077 
6.62243 
6.63647 
6.64979 
6.66274 
6.67522 
6.68714 
6.69874 
6.70997 
6.72321 
6.74178 
6.75949 
6.77548 
6.79115 
6.80555 
6.81927 
6.83253 
6.84512 
6.85697 
6.86864 
6.88169 
6.89975 
6.91645 
6.93202 
6.94684 
6.96065 
6.97393 
6.9864 
6.99852 
7.00983 
7.0206 
7.03129 
7.04127 
7.05519 
7.07092 
7.08574 
7.0995 
7.11232 
7.12456 
7.13593 
7.14683 
7.15712 
7.16702 
7.17639 
7.18748 
7.20215 
7.21597 
7.22895 
7.24067 
7.25191 
7.26246 
7.27272 
7.28214 
7.29613 
7.31011 
7.32341 
7.33575 
7.34725 
7.35818 
7.36852 
7.37858 
7.38805 
7.39721 
7.40571 
7.41417 
7.42226 
7.43024 
7.43781 
7.44526 
7.45274 
7.46008 
7.46711 
7.47419 
7.48615 
7.49828 
7.50961 
7.52059 
7.53628 
7.55124 
7.56518 
7.57824 
7.58994 
7.60145 
7.61188 
7.62215 
7.63171 
7.64083 
7.64952 
7.65956 
7.6724 
7.68448 
7.69541 
7.70595 
7.71597 
7.72543 
7.73461 
7.74601 
7.75793 
7.76898 
7.77921 
7.78874 
7.79793 
7.80647 
7.81465 
7.82258 
7.83027 
7.83759 
7.84478 
7.85417 
7.86581 
7.87644 
7.88667 
7.89598 
7.90497 
7.9131 
7.92127 
7.92896 
7.93654 
7.9435 
7.95047 
7.95731 
7.96665 
7.97723 
7.98691 
7.99599 
8.00469 
8.01317 
8.02072 
8.02795 
8.03526 
8.04209 
8.04891 
8.05468 
8.06091 
8.06695 
8.07278 
8.07856 
8.08385 
8.08924 
8.09453 
8.09966 
8.10485 
8.10965 
8.11456 
8.11965 
8.12422 
8.12907 
8.13422 
8.14282 
8.15118 
8.15874 
8.16612 
8.17295 
8.17931 
8.1856 
8.19156 
8.19817 
8.20759 
8.21607 
8.22389 
8.23149 
8.23828 
8.24522 
8.25146 
8.2572 
8.2632 
8.26887 
8.27384 
8.27869 
8.2837 
8.28864 
8.29303 
8.2979 
8.30209 
8.30643 
8.31217 
8.31986 
8.32697 
8.33392 
8.33996 
8.34607 
8.35168 
8.35683 
8.36198 
8.36663 
8.37177 
8.37625 
8.38054 
8.38485 
8.39224 
8.39894 
8.40512 
8.41109 
8.4167 
8.42181 
8.42712 
8.43161 
8.43631 
8.44046 
8.44468 
8.4488 
8.45285 
8.45668 
8.46018 
8.46385 
8.46768 
8.47097 
8.47471 
8.47793 
8.48133 
8.48489 
8.48802 
8.49147 
8.4944 
8.49738 
8.50396 
8.51029 
8.51558 
8.52078 
8.52567 
8.53034 
8.53514 
8.53936 
8.54464 
8.55136 
8.55795 
8.56341 
8.56893 
8.5743 
8.58088 
8.58808 
8.59525 
8.60139 
8.60749 
8.61276 
8.61781 
8.62263 
8.62709 
8.63136 
8.63538 
8.63939 
8.64316 
8.64684 
8.65001 
8.6535 
8.65694 
8.66043 
8.66574 
8.67119 
8.67613 
8.68068 
8.685 
8.68896 
8.69269 
8.69643 
8.69981 
8.70319 
8.70662 
8.70975 
8.7129 
8.71559 
8.71865 
8.72137 
8.72415 
8.72677 
8.72966 
8.73212 
8.73495 
8.73758 
8.7399 
8.74247 
8.74501 
8.7473 
8.75019 
8.75503 
8.7593 
8.76301 
8.76712 
8.77054 
8.77378 
8.77745 
8.78077 
8.78605 
8.79098 
8.7957 
8.8005 
8.80475 
8.80841 
8.81206 
8.81534 
8.81873 
8.82217 
8.82507 
8.82779 
8.83075 
8.8337 
8.83622 
8.83889 
8.84152 
8.8442 
8.84641 
8.84999 
8.85456 
8.85865 
8.86239 
8.86621 
8.86973 
8.87304 
8.8763 
8.87896 
8.88197 
8.88477 
8.88747 
8.88986 
8.89258 
8.89521 
8.89763 
8.89988 
8.90223 
8.90479 
8.90682 
8.90941 
8.91151 
8.91344 
8.91597 
8.91794 
8.92032 
8.92453 
8.92927 
8.93314 
8.937 
8.94051 
8.94383 
8.9466 
8.94944 
8.95221 
8.95512 
8.95797 
8.96044 
8.96304 
8.96547 
8.96815 
8.97044 
8.97254 
8.97725 
8.98096 
8.98515 
8.98839 
8.99194 
8.99498 
8.99811 
9.00117 
9.00375 
9.00633 
9.00879 
9.01117 
9.01364 
9.01579 
9.01842 
9.02062 
9.02239 
9.02459 
9.02715 
9.02898 
9.03077 
9.03273 
9.03504 
9.03652 
9.03825 
9.04053 
9.04242 
9.04418 
9.04611 
9.04837 
9.05174 
9.05536 
9.0585 
9.06155 
9.06447 
9.06724 
9.06984 
9.07188 
9.07584 
9.08047 
9.08439 
9.08789 
9.09123 
9.09505 
9.09767 
9.10087 
9.1036 
9.10668 
9.10893 
9.11125 
9.11317 
9.11559 
9.1175 
9.11974 
9.12189 
9.12376 
9.12602 
9.12812 
9.13021 
9.13303 
9.13667 
9.14008 
9.14339 
9.14637 
9.14928 
9.15183 
9.15429 
9.15676 
9.15932 
9.16154 
9.16428 
9.16586 
9.1681 
9.17015 
9.17229 
9.17407 
9.1759 
9.17784 
9.17947 
9.18121 
9.1832 
9.18537 
9.18625 
9.18836 
9.18998 
9.19188 
9.19351 
9.19512 
9.19685 
9.19791 
9.19988 
9.2013 
9.20332 
9.20632 
9.21008 
9.2134 
9.21585 
9.21845 
9.22104 
9.22377 
9.22593 
9.22825 
9.23042 
9.23245 
9.23621 
9.23975 
9.24315 
9.24559 
9.24884 
9.2515 
9.25313 
9.25591 
9.25788 
9.2601 
9.26203 
9.2636 
9.26576 
9.26778 
9.26935 
9.27055 
9.27336 
9.27404 
9.2759 
9.27768 
9.27902 
9.28022 
9.28177 
9.28334 
9.28514 
9.28673 
9.28744 
9.28909 
9.2905 
9.29164 
9.29343 
9.29458 
9.29705 
9.29951 
9.30226 
9.30555 
9.30809 
9.30959 
9.31177 
9.31367 
9.31524 
9.31742 
9.31977 
9.3216 
9.32479 
9.32776 
9.33056 
9.33314 
9.3353 
9.33788 
9.33994 
9.34169 
9.34332 
9.34473 
9.34707 
9.34903 
9.35042 
9.35172 
9.35446 
9.35756 
9.35992 
9.36286 
9.36545 
9.36831 
9.37006 
9.37208 
9.37406 
9.37585 
9.37786 
9.37965 
9.38092 
9.38272 
9.38397 
9.3855 
9.38731 
9.38905 
9.39003 
9.39103 
9.39256 
9.39405 
9.39509 
9.39622 
9.39768 
9.39866 
9.40035 
9.40168 
9.40297 
9.40456 
9.40772 
9.40923 
9.41194 
9.41424 
9.4157 
9.41773 
9.41964 
9.42093 
9.42261 
9.424 
9.42573 
9.42732 
9.4283 
9.42994 
9.43164 
9.43233 
9.43368 
9.43516 
9.43757 
9.43982 
9.44229 
9.44416 
9.44643 
9.44801 
9.44959 
9.45148 
9.45319 
9.45396 
9.45576 
9.45675 
9.45837 
9.46014 
9.46119 
9.46233 
9.464 
9.46478 
9.46635 
9.46711 
9.46815 
9.46944 
9.47097 
9.47162 
9.47308 
9.47427 
9.47485 
9.47631 
9.47694 
9.47868 
9.47928 
9.48034 
9.48123 
9.48292 
9.48349 
9.48396 
9.48621 
9.48832 
9.49053 
9.49303 
9.49456 
9.49633 
9.49796 
9.49956 
9.50161 
9.50312 
9.50402 
9.50565 
9.50685 
9.50846 
9.50915 
9.51031 
9.51207 
9.51289 
9.514 
9.51553 
9.51641 
9.51766 
9.51832 
9.51986 
9.52072 
9.52152 
9.52266 
9.524 
9.52548 
9.52612 
9.52678 
9.52746 
9.52838 
9.52967 
9.53149 
9.53346 
9.53581 
9.53688 
9.53866 
9.5403 
9.54226 
9.54374 
9.54477 
9.5463 
9.54744 
9.54859 
9.54968 
9.55055 
9.55171 
9.55321 
9.55409 
9.55545 
9.55599 
9.55758 
9.55805 
9.5589 
9.56009 
9.56127 
9.56206 
9.56313 
9.56373 
9.5653 
9.5663 
9.56623 
9.56748 
9.56894 
9.56981 
9.57077 
9.57149 
9.57216 
9.57343 
9.57475 
9.57481 
9.57605 
9.57705 
9.57783 
9.5796 
9.58221 
9.58405 
9.58591 
9.58727 
9.58869 
9.59007 
9.59194 
9.59272 
9.59436 
9.59589 
9.59665 
9.5971 
9.59837 
9.59922 
9.60027 
9.60195 
9.60281 
9.6038 
9.60436 
9.60484 
9.60583 
9.60767 
9.60875 
9.60915 
9.61013 
9.61084 
9.61123 
9.61286 
9.61294 
9.61425 
9.61509 
9.61718 
9.61868 
9.62016 
9.62208 
9.62374 
9.62462 
9.6268 
9.62759 
9.62881 
9.62974 
9.63113 
9.63205 
9.63285 
9.63437 
9.63472 
9.63571 
9.63662 
9.63758 
9.6387 
9.63975 
9.64014 
9.64152 
9.64215 
9.6427 
9.64358 
9.64451 
9.64503 
9.64592 
9.6472 
9.64719 
9.64861 
9.64948 
9.65015 
9.65147 
9.65157 
9.65167 
9.65341 
9.65418 
9.65556 
9.65585 
9.65683 
9.65727 
9.65959 
9.66081 
9.66287 
9.66349 
9.66577 
9.66678 
9.6681 
9.67024 
9.67045 
9.67222 
9.67307 
9.67341 
9.67484 
9.67688 
9.67869 
9.68075 
9.6826 
9.68381 
9.68577 
9.6863 
9.68738 
9.68952 
9.69029 
9.69088 
9.69172 
9.69301 
9.69378 
9.69485 
9.69564 
9.69627 
9.69737 
9.69868 
9.69873 
9.69977 
9.70013 
9.70178 
9.70225 
9.70325 
9.704 
9.70463 
9.70489 
9.70598 
9.70669 
9.70768 
