1 
1 
1 
0.835612 
0.738006 
0.699371 
0.65191 
0.583684 
0.559505 
0.545502 
0.536079 
0.504517 
0.460388 
0.442883 
0.432367 
0.424508 
0.41809 
0.407738 
0.389119 
0.373089 
0.360027 
0.344134 
0.329548 
0.318045 
0.31017 
0.298451 
0.28584 
0.275956 
0.266066 
0.258939 
0.251532 
0.244644 
0.23786 
0.231068 
0.225449 
0.219805 
0.21409 
0.207934 
0.202217 
0.196482 
0.191287 
0.187387 
0.184064 
0.18106 
0.177417 
0.174209 
0.170632 
0.167148 
0.163816 
0.160285 
0.157488 
0.154448 
0.151934 
0.148927 
0.146269 
0.143887 
0.14134 
0.139274 
0.137186 
0.134653 
0.132406 
0.130537 
0.128822 
0.126713 
0.124833 
0.122934 
0.120869 
0.118596 
0.116862 
0.115062 
0.113322 
0.111865 
0.11054 
0.109008 
0.107522 
0.106225 
0.104266 
0.102649 
0.10133 
0.0997734 
0.098369 
0.0968371 
0.0956286 
0.0944923 
0.0931135 
0.0918492 
0.0906543 
0.0896582 
0.0883463 
0.0873166 
0.0864188 
0.0855855 
0.0847894 
0.0840188 
0.0832659 
0.0823584 
0.0812765 
0.0802934 
0.0791807 
0.0783242 
0.0775681 
0.0766061 
0.0758153 
0.0751124 
0.0744523 
0.0738176 
0.0732005 
0.0725952 
0.0719965 
0.071158 
0.0702405 
0.0695217 
0.0688886 
0.0682968 
0.0676242 
0.066822 
0.066188 
0.0653865 
0.0647228 
0.0640798 
0.0633274 
0.062715 
0.0621616 
0.0616402 
0.0611401 
0.0606559 
0.0601145 
0.0595522 
0.0590573 
0.0584901 
0.0579807 
0.0575151 
0.0570715 
0.0566412 
0.0560614 
0.0555306 
0.0550615 
0.0546191 
0.0541336 
0.0535666 
0.0531054 
0.0525819 
0.0520994 
0.0516752 
0.0512796 
0.0508041 
0.0503382 
0.0499364 
0.0495453 
0.0490179 
0.048601 
0.0482265 
0.0478746 
0.0475315 
0.047021 
0.0465404 
0.0461539 
0.0458086 
0.0454179 
0.0450309 
0.0447017 
0.0443982 
0.0441108 
0.0438335 
0.0435641 
0.0433006 
0.0430424 
0.0427889 
0.0425391 
0.042293 
0.0420504 
0.0418109 
0.0415744 
0.0413403 
0.0410781 
0.0407706 
0.0405068 
0.0402606 
0.0400238 
0.0397933 
0.0395671 
0.0393441 
0.0390876 
0.03882 
0.0385806 
0.0383537 
0.0381342 
0.0379205 
0.037661 
0.0373572 
0.0370593 
0.0368181 
0.0366011 
0.0363975 
0.0362027 
0.0360136 
0.0358291 
0.0356482 
0.0354704 
0.0352952 
0.0351226 
0.0349521 
0.0347835 
0.0346167 
0.0344519 
0.0342885 
0.0341267 
0.0339663 
0.0338073 
0.03365 
0.0334933 
0.0333381 
0.0331837 
0.0330303 
0.0328778 
0.0326648 
0.0324497 
0.032177 
0.0319603 
0.0317769 
0.03161 
0.0314525 
0.0312772 
0.0310906 
0.0309277 
0.0307751 
0.0306288 
0.0304861 
0.0303466 
0.0302094 
0.0300743 
0.0299408 
0.0297967 
0.0296065 
0.0294504 
0.0293081 
0.0291725 
0.0290414 
0.028913 
0.0287869 
0.0286628 
0.0285401 
0.0284189 
0.0282987 
0.0281799 
0.0280619 
0.0279452 
0.0278293 
0.0277142 
0.0276 
0.0274327 
0.027282 
0.0271487 
0.0270234 
0.0269026 
0.0267847 
0.0266689 
0.0265226 
0.0263709 
0.0262426 
0.0261241 
0.026011 
0.0259011 
0.0257937 
0.0256881 
0.0255844 
0.0254818 
0.0253804 
0.02528 
0.0251807 
0.0250823 
0.0249849 
0.0248884 
0.0247928 
0.0246978 
0.0246038 
0.0245105 
0.024418 
0.0243264 
0.0242353 
0.0241451 
0.0240158 
0.0238836 
0.0237741 
0.0236743 
0.0235797 
0.0234881 
0.0233988 
0.0233109 
0.0232244 
0.0231386 
0.0229968 
0.0228877 
0.022791 
0.0227004 
0.0226138 
0.0225294 
0.0224467 
0.0223651 
0.0222849 
0.0222055 
0.022127 
0.0220494 
0.0219723 
0.0218542 
0.0217589 
0.0216725 
0.0215905 
0.0215112 
0.0214327 
0.0213072 
0.0212037 
0.0211154 
0.0210336 
0.0209557 
0.0208799 
0.0208058 
0.0207333 
0.0206617 
0.020591 
0.0205212 
0.020452 
0.0203838 
0.020316 
0.0202488 
0.0201822 
0.0201162 
0.0200507 
0.0199857 
0.0199213 
0.0198537 
0.0197378 
0.0196524 
0.0195775 
0.0195076 
0.0194407 
0.0193754 
0.0193113 
0.0192484 
0.0191862 
0.0191247 
0.0190639 
0.0190037 
0.0189441 
0.018885 
0.0188262 
0.0187681 
0.0187103 
0.0186528 
0.018596 
0.0185395 
0.0184834 
0.0184277 
0.0183724 
0.0182991 
0.018219 
0.0181524 
0.0180909 
0.0180322 
0.0179754 
0.0179193 
0.0178644 
0.0178102 
0.0177567 
0.0177036 
0.0176507 
0.0175935 
0.0175166 
0.0174541 
0.0173964 
0.0173412 
0.0172875 
0.017235 
0.0171831 
0.0171209 
0.0170488 
0.0169879 
0.0169321 
0.0168791 
0.0168274 
0.0167766 
0.0167269 
0.0166776 
0.0166289 
0.0165807 
0.0165331 
0.0164854 
0.0164385 
0.0163917 
0.0163455 
0.0162994 
0.0162538 
0.0162083 
0.0161631 
0.0161187 
0.0160739 
0.0160296 
0.0159856 
0.015923 
0.0158621 
0.0158094 
0.0157604 
0.0157133 
0.0156674 
0.0156227 
0.0155786 
0.0155349 
0.0154917 
0.0154486 
0.015406 
0.015364 
0.0153222 
0.0152807 
0.0152396 
0.0151985 
0.0151471 
0.0150796 
0.0150268 
0.0149792 
0.0149346 
0.0148916 
0.0148495 
0.0148082 
0.0147675 
0.0147274 
0.0146876 
0.0146482 
0.014609 
0.0145701 
0.0145315 
0.0144745 
0.0144278 
0.0143845 
0.0143436 
0.0143037 
0.0142647 
0.0142263 
0.0141883 
0.0141508 
0.0141048 
0.0140479 
0.0140016 
0.0139597 
0.01392 
0.0138819 
0.0138445 
0.0138078 
0.0137716 
0.0137358 
0.0137005 
0.0136653 
0.0136305 
0.0135959 
0.0135614 
0.0135273 
0.0134935 
0.0134598 
0.0134262 
0.013393 
0.0133599 
0.013327 
0.0132943 
0.0132619 
0.0132294 
0.0131973 
0.0131652 
0.0131334 
0.0131018 
0.0130703 
0.0130389 
0.0130079 
0.0129768 
0.0129458 
0.0129153 
0.0128756 
0.012828 
0.0127902 
0.0127553 
0.0127223 
0.0126903 
0.0126589 
0.0126282 
0.0125979 
0.012568 
0.0125382 
0.0125084 
0.0124791 
0.01245 
0.0124212 
0.0123921 
0.0123635 
0.012335 
0.0123066 
0.0122785 
0.0122505 
0.0122227 
0.0121951 
0.0121675 
0.0121403 
0.0121128 
0.0120857 
0.0120589 
0.0120318 
0.0120051 
0.0119786 
0.0119523 
0.011921 
0.0118777 
0.0118438 
0.0118129 
0.0117838 
0.0117559 
0.0117285 
0.0117016 
0.011675 
0.0116486 
0.0116224 
0.0115967 
0.0115709 
0.0115453 
0.0115199 
0.0114947 
0.0114696 
0.0114447 
0.0114197 
0.0113951 
0.0113704 
0.011346 
0.0113218 
0.0112974 
0.0112733 
0.0112493 
0.0112254 
0.0112015 
0.0111779 
0.0111543 
0.0111308 
0.0111074 
0.0110729 
0.0110376 
0.0110082 
0.0109813 
0.0109559 
0.010931 
0.0109068 
0.0108828 
0.0108596 
0.0108358 
0.0108129 
0.0107899 
0.0107667 
0.0107441 
0.0107214 
0.010699 
0.0106767 
0.0106545 
0.0106323 
0.0106105 
0.0105713 
0.0105316 
0.010501 
0.0104738 
0.0104485 
0.0104241 
0.0104006 
0.0103774 
0.0103546 
0.0103225 
0.0102929 
0.0102665 
0.010242 
0.0102183 
0.0101954 
0.010173 
0.0101509 
0.0101296 
0.0101073 
0.0100856 
0.0100646 
0.0100435 
0.0100223 
0.0100015 
0.00998085 
0.00995994 
0.00993926 
0.00991913 
0.00989907 
0.00987854 
0.00985817 
0.00983813 
0.00981819 
0.00979832 
0.00977858 
0.00975905 
0.00973924 
0.00971974 
0.00970019 
0.00968083 
0.00966172 
0.0096425 
0.0096232 
0.00960437 
0.00958537 
0.00956636 
0.0095322 
0.0095064 
0.00948384 
0.00946287 
0.00944262 
0.00942287 
0.00940344 
0.00938426 
0.00936519 
0.00934645 
0.00932774 
0.00930912 
0.00929057 
0.00927234 
0.00925408 
0.00923553 
0.00921749 
0.00919932 
0.00918139 
0.00916343 
0.00914541 
0.00912762 
0.00910988 
0.00909198 
0.00907427 
0.00905673 
0.00902741 
0.0089985 
0.00897555 
0.00895508 
0.00893575 
0.00891695 
0.00889865 
0.00888082 
0.00886322 
0.00884592 
0.00882885 
0.00881177 
0.00879449 
0.00877787 
0.00876119 
0.00874428 
0.00872766 
0.00871138 
0.00869516 
0.00867866 
0.00866217 
0.00864607 
0.00863022 
0.00861413 
0.00859808 
0.00858227 
0.00856642 
0.00855068 
0.00853509 
0.00851947 
0.00850406 
0.00848876 
0.00847322 
0.00845789 
0.00844266 
0.00842745 
0.00841228 
0.00839731 
0.00838233 
0.00836735 
0.00835249 
0.00833809 
0.00832339 
0.00830832 
0.00829376 
0.00827945 
0.00826474 
0.0082502 
0.00823595 
0.00822162 
0.00820715 
0.00819296 
0.00817866 
0.00816483 
0.00815077 
0.00813654 
0.00812257 
0.00810863 
0.00809485 
0.00808125 
0.00806758 
0.00805384 
0.00804015 
0.00802641 
0.00801284 
0.00799323 
0.0079756 
0.00796023 
0.00794447 
0.00793012 
0.00791592 
0.00790173 
0.00788855 
0.00787441 
0.00786082 
0.00784734 
0.00783385 
0.00782055 
0.00780739 
0.00779459 
0.00778227 
0.00776876 
0.00775478 
0.00774179 
0.00772877 
0.00771597 
0.00770306 
0.00769018 
0.00767825 
0.00766506 
0.00764519 
0.00762434 
0.0076078 
0.00759359 
0.00758014 
0.00756546 
0.0075524 
0.00753919 
0.00752605 
0.00751348 
0.00750065 
0.00748848 
0.0074755 
0.00746294 
0.00745061 
0.0074383 
0.00742586 
0.00741351 
0.00740116 
0.00738932 
0.00737694 
0.00736496 
0.00735302 
0.00734097 
0.00732896 
0.00731704 
0.00730518 
0.0072933 
0.00728167 
0.00726996 
0.00725821 
0.00724669 
0.0072362 
0.00722359 
0.0072119 
0.00720053 
0.00718873 
0.00717734 
0.00716589 
0.00715457 
0.00714347 
0.00713193 
0.0071206 
0.00710917 
0.00708714 
0.00707173 
0.00705788 
0.00704508 
0.00703279 
0.00702076 
0.00700909 
0.00699742 
0.00698603 
0.00697483 
0.00696353 
0.00695218 
0.00694118 
0.00693013 
0.00691948 
0.00690874 
0.00689768 
0.0068865 
0.0068756 
0.00686503 
0.00685477 
0.00684373 
0.00683304 
0.00682221 
0.00681173 
0.00680121 
0.00679064 
0.00678025 
0.00676984 
0.00675947 
0.00674911 
0.0067388 
0.00672866 
0.00671832 
0.00670844 
0.00669846 
0.00668796 
0.0066776 
0.00666762 
0.0066576 
0.00664749 
0.00663755 
0.00662758 
0.00661768 
0.00660797 
0.00659808 
0.0065882 
0.00657837 
0.00656889 
0.00655882 
0.00654907 
0.00653948 
0.00652988 
0.00651819 
0.00650172 
0.00648957 
0.00647797 
0.00646697 
0.00645673 
0.00644653 
0.00643658 
0.00642743 
0.00641734 
0.00640702 
0.0063976 
0.00638863 
0.00637981 
0.00636933 
0.00635908 
0.0063498 
0.00634025 
0.00633087 
0.00632178 
0.0063122 
0.00630287 
0.00629364 
0.00628457 
0.00627522 
0.00626608 
0.00625697 
0.00624785 
0.00623873 
0.00622982 
0.00622137 
0.00621187 
0.00620287 
0.00619379 
0.00618486 
0.00617593 
0.00616712 
0.00615825 
0.00614953 
0.00614091 
0.00613198 
0.00612319 
0.00611468 
0.0061058 
0.00609691 
0.00608827 
0.00607987 
0.00607107 
0.00606248 
0.00605394 
0.0060454 
0.00603688 
0.00602839 
0.00601992 
0.00601136 
0.00600304 
0.00599479 
0.00598615 
0.00597779 
0.00596943 
0.00596115 
0.00595325 
0.00594454 
0.00593629 
0.00592802 
0.00591979 
0.00591164 
0.00590354 
0.00589527 
0.00588712 
0.00587899 
0.00587097 
0.00586296 
0.00585485 
0.00584676 
0.00583872 
0.00583096 
0.00582326 
0.00581473 
0.00580716 
0.00579921 
0.00579101 
0.00578319 
0.00577543 
0.00576018 
0.00574857 
0.00573852 
0.00572935 
0.0057205 
0.00571219 
0.00570319 
0.00569538 
0.00568698 
0.0056786 
0.00567042 
0.0056624 
0.00565422 
0.00564625 
0.00563877 
0.00562801 
0.0056159 
0.00560584 
0.00559697 
0.00558851 
0.00557998 
0.0055715 
0.00556353 
0.00555594 
0.00554771 
0.00554007 
0.00553237 
0.0055237 
0.00551656 
0.00550815 
0.00550113 
0.005493 
0.00548497 
0.00547734 
0.00546974 
0.00546213 
0.0054546 
0.00544747 
0.00543975 
0.0054326 
0.00542471 
0.0054171 
0.00540964 
0.00540225 
0.00539498 
0.00538757 
0.00538016 
0.00537285 
0.0053654 
0.00535811 
0.00535108 
0.00534435 
0.00533703 
0.00532928 
0.00532205 
0.00531476 
0.00530762 
0.00530043 
0.00529399 
0.0052861 
0.00527896 
0.00527179 
0.0052649 
0.00525775 
0.00525108 
0.00524377 
0.00523652 
0.00522957 
0.00522304 
0.00521645 
0.00520877 
0.00520194 
0.0051949 
0.00518807 
0.00518118 
0.00517416 
0.00516745 
0.00516098 
0.0051537 
0.00514694 
0.00514011 
0.00513332 
0.00512648 
0.00511682 
0.00510492 
0.00509653 
0.00508835 
0.0050818 
0.0050742 
0.00506651 
0.00505951 
0.00505263 
0.00504576 
0.00503895 
0.00503224 
0.00502546 
0.00501902 
0.0050122 
0.00500566 
