2.49069 
1.40334 
0.807002 
0.725228 
0.546596 
0.470702 
0.398492 
0.381267 
0.337274 
0.323337 
0.306818 
0.293231 
0.256301 
0.241229 
0.22809 
0.210663 
0.191893 
0.177558 
0.164328 
0.157481 
0.145764 
0.1369 
0.132441 
0.122912 
0.117949 
0.110967 
0.108047 
0.100765 
0.0980406 
0.0961108 
0.0888538 
0.0847897 
0.0801788 
0.0789479 
0.078684 
0.0747886 
0.0701005 
0.0694879 
0.0653549 
0.0629657 
0.0598561 
0.0577772 
0.0565285 
0.0538438 
0.0524546 
0.0515982 
0.0494418 
0.0489662 
0.0480542 
0.0455216 
0.044641 
0.0422675 
0.0419047 
0.0405416 
0.0389846 
0.0382624 
0.037203 
0.0362774 
0.035242 
0.0349204 
0.0337525 
0.0328159 
0.0323817 
0.0321235 
0.030611 
0.0303721 
0.0293233 
0.0287099 
0.0275644 
0.0273634 
0.0264778 
0.0261456 
0.0257815 
0.0244387 
0.0236218 
0.0228011 
0.0226672 
0.0223911 
0.0218401 
0.0213803 
0.0210497 
0.0206315 
0.0200839 
0.0196947 
0.0194036 
0.0189224 
0.0185801 
0.0181718 
0.0176079 
0.0172009 
0.0167124 
0.0160565 
0.0157803 
0.0151718 
0.0148961 
0.0142594 
0.0140261 
0.0139397 
0.0134468 
0.0130481 
0.0128971 
0.0126302 
0.0124725 
0.0119858 
0.0116845 
0.0114564 
0.0113436 
0.0111086 
0.0108359 
0.0106892 
0.0103416 
0.0100095 
0.00970494 
0.00949145 
0.00927191 
0.0090853 
0.00889613 
0.00869542 
0.00829607 
0.00816446 
0.00800346 
0.00760064 
0.007479 
0.00738637 
0.0072146 
0.00703605 
0.00686374 
0.00680754 
0.00642624 
0.00623045 
0.00611124 
0.00600762 
0.00592587 
0.0057908 
0.0054862 
0.00518517 
0.0050952 
0.00495325 
0.00467712 
0.00454748 
0.00428748 
0.00419499 
0.00410621 
0.00397362 
0.00392197 
0.00368912 
0.00352682 
0.00343801 
0.00332245 
0.00310559 
0.00302769 
0.00287912 
0.00267769 
0.00259225 
0.00232882 
0.00223359 
0.0019685 
0.00193871 
0.00172146 
0.00147033 
0.00136043 
0.00108055 
0.000980653 
0.000881093 
0.000838753 
0.000653434 
0.000530325 
0.000382108 
0.000317812 
0.000283812 
0.000229747 
0.000165821 
0.000119837 
9.0241e-05 
8.26894e-05 
8.06226e-05 
6.78549e-05 
4.75998e-05 
3.58072e-05 
3.36407e-05 
2.77726e-05 
2.21014e-05 
1.70483e-05 
1.45212e-05 
1.193e-05 
1.05463e-05 
9.26964e-06 
8.2724e-06 
7.35091e-06 
6.47084e-06 
4.46554e-06 
3.98472e-06 
3.72158e-06 
2.84714e-06 
2.49149e-06 
1.94594e-06 
1.43209e-06 
1.10381e-06 
9.79592e-07 
7.89819e-07 
4.81133e-07 
3.97067e-07 
2.83762e-07 
1.87384e-07 
1.3506e-07 
9.11062e-08 
8.22086e-08 
7.26901e-08 
7.1009e-08 
6.48321e-08 
5.82822e-08 
5.48736e-08 
5.24535e-08 
4.85585e-08 
4.07427e-08 
3.89814e-08 
3.38676e-08 
3.31549e-08 
3.10174e-08 
2.9026e-08 
2.75366e-08 
2.70033e-08 
2.57588e-08 
2.54243e-08 
2.43804e-08 
2.36473e-08 
2.25457e-08 
2.10829e-08 
2.0367e-08 
1.98449e-08 
1.94368e-08 
1.91484e-08 
1.90085e-08 
1.84928e-08 
1.76137e-08 
1.73429e-08 
1.6696e-08 
1.64393e-08 
1.58901e-08 
1.58069e-08 
1.50938e-08 
1.47183e-08 
1.4258e-08 
1.38794e-08 
1.34726e-08 
1.28156e-08 
1.26127e-08 
1.23543e-08 
1.21881e-08 
1.1911e-08 
1.13491e-08 
1.12034e-08 
1.0916e-08 
1.0081e-08 
9.77191e-09 
9.47916e-09 
9.08188e-09 
