0.642735 
0.389111 
0.29281 
0.27825 
0.274719 
0.259106 
0.25197 
0.242273 
0.24015 
0.227199 
0.219866 
0.217792 
0.214771 
0.207413 
0.206555 
0.201047 
0.196753 
0.194865 
0.191206 
0.189118 
0.184447 
0.180168 
0.179377 
0.174118 
0.172585 
0.167613 
0.166382 
0.162599 
0.157617 
0.156641 
0.156283 
0.150993 
0.150416 
0.148797 
0.1479 
0.14374 
0.142406 
0.141432 
0.139671 
0.138502 
0.136337 
0.134401 
0.13326 
0.132205 
0.12863 
0.128402 
0.127381 
0.124575 
0.122921 
0.122701 
0.120915 
0.119407 
0.116974 
0.115618 
0.115046 
0.113529 
0.111408 
0.11096 
0.109041 
0.10804 
0.106988 
0.105345 
0.104852 
0.103091 
0.102723 
0.101767 
0.100411 
0.0999584 
0.0988757 
0.097175 
0.0955069 
0.0932039 
0.0931052 
0.0919359 
0.0896448 
0.0880915 
0.0875335 
0.0872838 
0.0867196 
0.0857467 
0.0848804 
0.0829646 
0.0824684 
0.0813787 
0.0803352 
0.0777764 
0.077597 
0.076569 
0.0752321 
0.0744702 
0.073397 
0.0732673 
0.0729665 
0.0709951 
0.0697401 
0.0681801 
0.0666407 
0.0664274 
0.0658186 
0.0650898 
0.0640234 
0.0637688 
0.0635401 
0.0622582 
0.0617268 
0.0602384 
0.059923 
0.0585475 
0.0580961 
0.0572333 
0.0565471 
0.055166 
0.0540081 
0.0538873 
0.0537447 
0.0523564 
0.051983 
0.0514089 
0.0504683 
0.0496059 
0.0491434 
0.048626 
0.0474885 
0.0472945 
0.0468043 
0.0459653 
0.0458852 
0.0453926 
0.0446003 
0.0442109 
0.0436975 
0.0429879 
0.0423566 
0.0416328 
0.0411193 
0.0404552 
0.0403045 
0.0399282 
0.0398579 
0.0389901 
0.0382263 
0.0377121 
0.0373571 
0.0366616 
0.036315 
0.0360533 
0.0355499 
0.0351472 
0.0343709 
0.0339275 
0.0334104 
0.032802 
0.0322887 
0.0318458 
0.0317082 
0.0314056 
0.0307624 
0.0305428 
0.0298957 
0.0294914 
0.0293443 
0.0290243 
0.0287467 
0.0279026 
0.0277613 
0.0275335 
0.0269339 
0.0265052 
0.0262332 
0.0255561 
0.0251356 
0.0247743 
0.0245033 
0.0242639 
0.0240023 
0.0235653 
0.0233809 
0.0230358 
0.0225483 
0.0223944 
0.0219216 
0.0216111 
0.0213531 
0.0209302 
0.0205167 
0.0200164 
0.0197988 
0.0191096 
0.0187534 
0.0186986 
0.0182246 
0.0180294 
0.0177982 
0.0174258 
0.0171389 
0.0167474 
0.016486 
0.0161449 
0.0156322 
0.0154709 
0.0152453 
0.0151744 
0.0149341 
0.0145871 
0.014319 
0.0141478 
0.0139817 
0.0133975 
0.0130713 
0.0130032 
0.0128513 
0.012767 
0.0125891 
0.0122594 
0.0120671 
0.0117376 
0.0116338 
0.0115725 
0.0110387 
0.0107757 
0.0103808 
0.0101344 
0.00996408 
0.00970005 
0.00957755 
0.0093592 
0.00932225 
0.00914893 
0.00889182 
0.00871285 
0.00850577 
0.0083974 
0.00808376 
0.00795021 
0.00761864 
0.00735288 
0.00713858 
0.00696526 
0.0069007 
0.00653047 
0.0063644 
0.00611041 
0.00602012 
0.00592677 
0.00570801 
0.0054036 
0.00526144 
0.00504465 
0.00474279 
0.00462859 
0.00460087 
0.00449821 
0.00410935 
0.00408227 
0.00361447 
0.00300031 
0.00296477 
