2.35263 
1.08192 
0.612013 
0.536867 
0.370322 
0.305008 
0.275751 
0.25538 
0.221409 
0.207665 
0.198615 
0.191511 
0.165509 
0.159259 
0.14833 
0.138804 
0.136251 
0.131425 
0.120672 
0.119214 
0.106284 
0.103103 
0.0990432 
0.0972617 
0.0918538 
0.0883862 
0.0825416 
0.0806667 
0.0754984 
0.0749594 
0.0727411 
0.0683961 
0.0654689 
0.0641441 
0.0626579 
0.0612781 
0.0570054 
0.0552985 
0.0540458 
0.0527777 
0.0524405 
0.0494348 
0.048085 
0.0457205 
0.0454319 
0.0441468 
0.0419936 
0.0410275 
0.04014 
0.0389521 
0.0373984 
0.0353416 
0.0343331 
0.0323764 
0.0316396 
0.0299025 
0.0289522 
0.0282503 
0.0270418 
0.0263331 
0.0254914 
0.0247004 
0.023016 
0.0227518 
0.0217972 
0.02147 
0.0206489 
0.0198859 
0.019276 
0.0184195 
0.0161062 
0.0154925 
0.0150581 
0.0145692 
0.0140886 
0.0133681 
0.0123823 
0.0118149 
0.0113976 
0.0110142 
0.0103895 
0.00946534 
0.00904523 
0.00884877 
0.00815109 
0.00779533 
0.00751687 
0.00709722 
0.00641482 
0.00561368 
0.00511394 
0.00480112 
0.00412584 
0.0035722 
0.00321265 
0.00235954 
0.00150165 
1.54982e-07 
1.11843e-07 
1.09505e-07 
8.70832e-08 
6.25015e-08 
5.1204e-08 
4.88934e-08 
4.83267e-08 
4.74445e-08 
4.49144e-08 
4.39799e-08 
4.26884e-08 
4.12973e-08 
4.0616e-08 
3.90259e-08 
3.85847e-08 
3.68982e-08 
3.62529e-08 
3.59715e-08 
3.53263e-08 
3.44019e-08 
3.39558e-08 
3.38328e-08 
3.30588e-08 
3.252e-08 
3.18353e-08 
3.12307e-08 
3.04972e-08 
3.01788e-08 
2.96856e-08 
2.94517e-08 
2.89003e-08 
2.83746e-08 
2.79437e-08 
2.78265e-08 
2.73259e-08 
2.70543e-08 
2.65799e-08 
2.60822e-08 
2.58081e-08 
2.55697e-08 
2.54662e-08 
2.48785e-08 
2.45783e-08 
2.4339e-08 
2.41426e-08 
2.37778e-08 
2.36826e-08 
2.31186e-08 
2.2951e-08 
2.26945e-08 
2.241e-08 
2.20642e-08 
2.16881e-08 
2.15141e-08 
2.11838e-08 
2.11022e-08 
2.09231e-08 
2.02932e-08 
2.00617e-08 
1.99089e-08 
1.97144e-08 
1.9528e-08 
1.93484e-08 
1.92677e-08 
1.90101e-08 
1.87806e-08 
1.85773e-08 
1.82871e-08 
1.8009e-08 
1.77494e-08 
1.76863e-08 
1.73149e-08 
1.72125e-08 
1.69366e-08 
1.68486e-08 
1.66905e-08 
1.63226e-08 
1.60845e-08 
1.58682e-08 
1.58233e-08 
1.54867e-08 
1.53681e-08 
1.51483e-08 
1.50561e-08 
1.50066e-08 
1.4711e-08 
1.45011e-08 
1.42838e-08 
1.40887e-08 
1.40073e-08 
1.38691e-08 
1.36621e-08 
1.35402e-08 
1.31565e-08 
1.30155e-08 
1.28899e-08 
1.27638e-08 
1.26039e-08 
1.25455e-08 
1.2438e-08 
1.21304e-08 
1.20586e-08 
1.20112e-08 
1.17541e-08 
1.1269e-08 
1.11387e-08 
1.10763e-08 
1.09768e-08 
1.08108e-08 
1.06426e-08 
1.05365e-08 
1.04508e-08 
1.03856e-08 
1.03069e-08 
1.01763e-08 
1.00405e-08 
9.86545e-09 
9.667e-09 
9.64278e-09 
9.43731e-09 
9.32453e-09 
9.27885e-09 
9.0783e-09 
8.96305e-09 
8.79356e-09 
8.67326e-09 
8.61425e-09 
8.51146e-09 
8.26159e-09 
8.24832e-09 
8.19891e-09 
7.94256e-09 
7.86954e-09 
7.81895e-09 
7.69551e-09 
7.37194e-09 
7.26274e-09 
7.15412e-09 
7.06375e-09 
6.87763e-09 
6.62875e-09 
6.58286e-09 
6.42325e-09 
6.34903e-09 
6.13918e-09 
6.11928e-09 
6.02705e-09 
5.89788e-09 
5.74554e-09 
5.66633e-09 
5.49317e-09 
5.33281e-09 
5.22669e-09 
5.00563e-09 
4.85665e-09 
4.57536e-09 
4.50001e-09 
4.26239e-09 
3.81202e-09 
