0 
0 
0 
0.784927 
1.41806 
1.78931 
2.18462 
2.77791 
3.07776 
3.26013 
3.3871 
3.69941 
4.20397 
4.43267 
4.56882 
4.66782 
4.74831 
4.86924 
5.11403 
5.35195 
5.54912 
5.77416 
6.0069 
6.18223 
6.27062 
6.43457 
6.63176 
6.76767 
6.90265 
6.97993 
7.0807 
7.17929 
7.27817 
7.37294 
7.44881 
7.5305 
7.61884 
7.72083 
7.79708 
7.87781 
7.95648 
7.9986 
8.03756 
8.07324 
8.13505 
8.17501 
8.23271 
8.27785 
8.32664 
8.38185 
8.41617 
8.46499 
8.49589 
8.54166 
8.5797 
8.6105 
8.65372 
8.67513 
8.70524 
8.75135 
8.78374 
8.80522 
8.8255 
8.86016 
8.88684 
8.91329 
8.94732 
8.98475 
9.00337 
9.02959 
9.05569 
9.07206 
9.08786 
9.11273 
9.13465 
9.14996 
9.18948 
9.21121 
9.22587 
9.25032 
9.26912 
9.29533 
9.30702 
9.32057 
9.34511 
9.36127 
9.3795 
9.38942 
9.41378 
9.4238 
9.43355 
9.44309 
9.45288 
9.46128 
9.47113 
9.4842 
9.50338 
9.51458 
9.5346 
9.54206 
9.55161 
9.56916 
9.57724 
9.58595 
9.5931 
9.60024 
9.60784 
9.61527 
9.62256 
9.63971 
9.65561 
9.66358 
9.6688 
9.67685 
9.68614 
9.70068 
9.70557 
9.72158 
9.72861 
9.7359 
9.74923 
9.75594 
9.7607 
9.76718 
9.7729 
9.77855 
9.78655 
9.79627 
9.80086 
9.81145 
9.81761 
9.82174 
9.82757 
9.83231 
9.84313 
9.84996 
9.85412 
9.86024 
9.86689 
9.8768 
9.88143 
9.89012 
9.8967 
9.90164 
9.9058 
9.91346 
9.92002 
9.92529 
9.92988 
9.93953 
9.94255 
9.9477 
9.94934 
9.95522 
9.96557 
9.97256 
9.97571 
9.97921 
9.98425 
9.99247 
9.99331 
9.99828 
10 
10.0036 
10.0056 
10.0093 
10.0123 
10.0147 
10.0178 
10.021 
10.0231 
10.0263 
10.0281 
10.0319 
10.0353 
10.0411 
10.0428 
10.0469 
10.0488 
10.0515 
10.0539 
10.0564 
10.0603 
10.0655 
10.0666 
10.0706 
10.0723 
10.0753 
10.0781 
10.0853 
10.0895 
10.092 
10.0941 
10.0958 
10.0977 
10.1015 
10.101 
10.1049 
10.1063 
10.1073 
10.1098 
10.1115 
10.1136 
10.1159 
10.1169 
10.1188 
10.1223 
10.1228 
10.1249 
10.1251 
10.1293 
10.1296 
10.1322 
10.1339 
10.1353 
10.1398 
10.1424 
10.1481 
10.1518 
10.1514 
10.1538 
10.1557 
10.1583 
10.162 
10.1625 
10.1644 
10.1662 
10.1679 
10.1685 
10.1708 
10.1716 
10.1739 
10.1747 
10.1803 
10.1802 
10.1827 
10.1841 
10.1845 
10.1869 
10.1878 
10.189 
10.1907 
10.192 
10.1934 
10.1943 
10.1962 
10.1969 
10.1983 
10.2006 
10.2006 
10.205 
10.2057 
10.2087 
10.2092 
10.2105 
10.2109 
10.2135 
10.2157 
10.2171 
10.2199 
10.2206 
10.2218 
10.2227 
10.2246 
10.225 
10.2261 
10.2269 
10.2295 
10.2291 
10.2308 
10.2314 
10.2337 
10.2338 
10.2348 
10.2364 
10.2369 
10.2386 
10.2393 
10.2397 
10.2419 
10.242 
10.2452 
10.246 
10.2488 
10.2496 
10.2499 
10.2511 
10.2523 
10.2527 
10.254 
10.2552 
10.2589 
10.258 
10.2612 
10.261 
10.2616 
10.2642 
10.2628 
10.2649 
10.2658 
10.2659 
10.2687 
10.2669 
10.2694 
10.2718 
10.2727 
10.2745 
10.2749 
10.2738 
10.2768 
10.2792 
10.2799 
10.2805 
10.2818 
10.283 
10.2844 
10.2835 
10.284 
10.2857 
10.2874 
10.2866 
10.2883 
10.2878 
10.2889 
10.2905 
10.2911 
10.2906 
10.2921 
10.2932 
10.293 
10.2944 
10.297 
10.2978 
10.2993 
10.2984 
10.3013 
10.2997 
10.3011 
10.3032 
10.3018 
10.3036 
10.3036 
10.3048 
10.3048 
10.3058 
10.3072 
10.3059 
10.3082 
10.309 
10.3086 
10.309 
10.3104 
10.3106 
10.3114 
10.3123 
10.3142 
10.3149 
10.3153 
10.3161 
10.3168 
10.3175 
10.3176 
10.3177 
10.3199 
10.3182 
10.3204 
10.3212 
10.3227 
10.3234 
10.3233 
10.325 
10.3253 
10.3251 
10.3256 
10.3267 
10.3286 
10.3293 
10.33 
10.3295 
10.3306 
10.3309 
10.3313 
10.3327 
10.3321 
10.3328 
10.3354 
10.3346 
10.3339 
10.3351 
10.335 
10.337 
10.3356 
10.3378 
10.3378 
10.3362 
10.3393 
10.3386 
10.3393 
10.3415 
10.341 
10.3428 
10.3428 
10.3433 
10.3435 
10.3453 
10.3434 
10.3463 
10.3441 
10.3464 
10.3469 
10.3467 
10.3467 
10.349 
10.3467 
10.35 
10.3498 
10.3499 
10.3519 
10.3515 
10.3534 
10.3522 
10.3532 
10.3542 
10.3546 
10.3539 
10.3558 
10.3546 
10.3568 
10.3556 
10.3566 
10.3589 
10.3569 
10.3601 
10.3581 
10.36 
10.3603 
10.3608 
10.3605 
10.3624 
10.3607 
10.3647 
10.3621 
10.3641 
10.3644 
10.3648 
10.3648 
10.3661 
10.3656 
10.3663 
10.3676 
10.3666 
10.3663 
10.3684 
10.3684 
10.3679 
10.368 
10.3698 
10.3696 
10.3695 
10.3701 
10.3707 
10.3701 
10.3713 
10.3709 
10.3724 
10.372 
10.3718 
10.3722 
10.3734 
10.3737 
10.3727 
10.375 
10.3741 
10.3736 
10.3754 
10.3772 
10.3752 
10.3778 
10.3766 
10.3781 
10.3779 
10.3786 
10.3779 
10.3806 
10.3776 
10.3802 
10.3788 
10.3815 
10.3785 
10.3816 
10.3798 
10.3814 
10.3816 
10.3825 
10.3813 
10.3828 
10.3818 
10.3839 
10.382 
10.3841 
10.3842 
10.3831 
10.3844 
10.3843 
10.3846 
10.3858 
10.3857 
10.3862 
10.3868 
10.3884 
10.387 
10.3873 
10.3883 
10.3881 
10.3883 
10.389 
10.389 
10.3902 
10.389 
10.3907 
10.3898 
10.3898 
10.391 
10.3905 
10.3909 
10.3913 
10.3921 
10.3912 
10.3932 
10.3919 
10.3926 
10.3937 
10.3924 
10.3936 
10.3934 
10.3935 
10.3943 
10.3946 
10.3944 
10.396 
10.3961 
10.3967 
10.3963 
10.3965 
10.3964 
10.3967 
10.3987 
10.3982 
10.3966 
10.3995 
10.3979 
10.3979 
10.399 
10.3995 
10.3987 
10.399 
10.3997 
10.4006 
10.4007 
10.4015 
10.4018 
10.4018 
10.4027 
10.4025 
10.4022 
10.4036 
10.403 
10.4041 
10.4053 
10.404 
10.4046 
10.4053 
10.4052 
10.405 
10.4048 
10.4082 
10.405 
10.4063 
10.4081 
10.4054 
10.4079 
10.4058 
10.4086 
10.407 
10.4082 
10.4067 
10.4101 
10.4073 
10.4082 
10.409 
10.4095 
10.4086 
10.4101 
10.4085 
10.4103 
10.4097 
10.4102 
10.4105 
10.4095 
10.4116 
10.4109 
10.41 
10.4126 
10.4104 
10.4129 
10.4126 
10.4127 
10.4136 
10.4127 
10.4141 
10.4135 
10.4134 
10.4138 
10.4136 
10.4147 
10.4147 
10.4147 
10.4158 
10.4141 
10.4153 
10.4146 
10.4154 
10.4165 
10.4152 
10.4164 
10.416 
10.4172 
10.4164 
10.4169 
10.4169 
10.4183 
10.4182 
10.4175 
10.4197 
10.4176 
10.4185 
10.4194 
10.4197 
10.4191 
10.4194 
10.421 
10.4188 
10.4203 
10.4214 
10.4192 
10.4208 
10.4205 
10.4198 
10.4225 
10.42 
10.4216 
10.4216 
10.4205 
10.4226 
10.4224 
10.4212 
10.4224 
10.4227 
10.4219 
10.4229 
10.4235 
10.4219 
10.4236 
10.4236 
10.4228 
10.4234 
10.4235 
10.4243 
10.4233 
10.4241 
10.424 
10.4256 
10.4233 
10.4251 
10.4241 
10.4263 
10.4242 
10.4249 
10.4265 
10.4244 
10.4261 
10.4253 
10.426 
10.4272 
10.4251 
10.4264 
10.4265 
10.4265 
10.4274 
10.4257 
10.4282 
10.4259 
10.4284 
10.4265 
10.4277 
10.4283 
10.4268 
10.4304 
10.4288 
10.4274 
10.4296 
10.429 
10.4273 
10.4301 
10.4288 
10.4289 
10.4298 
10.4296 
10.4307 
10.4284 
10.4326 
10.4281 
10.4309 
10.4308 
10.4309 
10.4301 
10.4305 
10.4306 
10.4333 
10.4298 
10.4314 
10.4319 
10.4326 
10.4308 
10.4349 
10.4321 
10.4316 
10.4336 
10.4332 
10.4319 
10.4332 
10.4349 
10.4325 
10.4344 
10.4329 
10.4331 
10.4346 
10.4344 
10.4339 
10.4331 
10.4345 
10.4344 
10.4352 
10.4343 
10.4348 
10.4348 
10.4351 
10.4353 
10.4351 
10.4347 
10.4359 
10.4366 
10.4333 
10.4368 
10.435 
10.4371 
10.4357 
10.4362 
10.4364 
10.4368 
10.4353 
10.4371 
10.4364 
10.4372 
10.4374 
10.4378 
10.438 
10.4373 
10.4377 
10.4381 
10.4384 
10.4384 
10.4376 
10.4394 
10.4377 
10.4386 
10.4387 
10.4395 
10.4378 
10.4406 
10.4377 
10.4399 
10.4391 
10.4404 
10.4379 
10.4408 
10.4387 
10.4403 
10.4407 
10.4394 
10.4402 
10.4402 
10.4399 
10.441 
10.4401 
10.4405 
10.4415 
10.4403 
10.4396 
10.4424 
10.4402 
10.4412 
10.4418 
10.4408 
10.4417 
10.4416 
10.4417 
10.4416 
10.4428 
10.441 
10.4419 
10.4426 
10.441 
10.4427 
10.4428 
10.4416 
10.4435 
10.4419 
10.4426 
10.4446 
10.4424 
10.4436 
10.4434 
10.4441 
10.4446 
10.4419 
10.4455 
10.4442 
10.4431 
10.4462 
10.4417 
10.446 
10.4447 
10.4437 
10.4446 
10.4443 
10.4459 
10.4447 
10.4449 
10.4449 
10.4444 
10.4453 
10.4452 
10.4457 
10.4451 
10.4453 
10.445 
10.4474 
10.445 
10.4466 
10.4459 
10.4463 
10.4457 
10.4455 
10.446 
10.4471 
10.4453 
10.4473 
10.4474 
10.4455 
10.4476 
10.4467 
10.4469 
10.448 
10.4469 
10.4475 
10.4466 
10.447 
10.4475 
10.448 
10.4468 
10.4478 
10.4482 
10.4467 
10.4484 
10.448 
10.4482 
10.4487 
10.4469 
10.4487 
10.4489 
10.4484 
10.4485 
10.4486 
10.4485 
10.4486 
10.4492 
10.4492 
10.4488 
10.4483 
10.4496 
10.4489 
10.4495 
10.4484 
10.4509 
10.4495 
10.4485 
10.4507 
10.4498 
10.4494 
10.4491 
10.4501 
10.4513 
10.4503 
10.451 
10.45 
10.4521 
10.4508 
10.4497 
10.4521 
10.4504 
10.4508 
10.452 
10.4511 
10.451 
10.4528 
10.451 
10.452 
10.452 
10.4515 
10.4534 
10.4513 
10.4527 
10.4533 
10.4509 
10.4538 
10.4511 
10.4544 
10.4525 
10.4513 
10.4534 
10.4548 
10.4522 
10.4532 
10.4533 
10.4535 
10.4529 
10.453 
10.4544 
10.4528 
10.455 
10.4528 
10.4541 
10.4535 
10.4534 
10.4545 
10.4546 
10.4538 
10.4536 
10.454 
10.4544 
10.4534 
10.456 
10.453 
10.4554 
10.4538 
10.4554 
10.454 
10.4543 
10.4566 
10.4545 
10.455 
10.4554 
10.4543 
10.4556 
10.4542 
10.4559 
10.4556 
10.4552 
10.4569 
10.454 
10.456 
10.4566 
10.455 
10.4564 
10.4553 
10.4558 
10.4568 
10.4549 
10.4562 
10.4568 
10.4568 
10.4568 
10.4566 
10.4543 
10.4574 
10.4581 
10.4563 
10.4591 
10.4558 
10.4568 
10.4572 
10.458 
10.458 
10.4572 
10.4573 
10.4581 
10.4586 
10.4571 
10.4587 
