0.736044 
0.579563 
0.533978 
0.473842 
0.405548 
0.392507 
0.379929 
0.4367 
0.449638 
0.476937 
0.457655 
0.474771 
0.461665 
0.514784 
0.503855 
0.561376 
0.518166 
0.54761 
0.506116 
0.575751 
0.511555 
0.512446 
0.500082 
0.580729 
0.528824 
0.556708 
0.50063 
0.560584 
0.489358 
0.539691 
0.497257 
0.583713 
0.537737 
0.603668 
0.503577 
0.562448 
0.494573 
0.539681 
0.520233 
0.619563 
0.523952 
0.55545 
0.495297 
0.628218 
0.551468 
0.599391 
0.512569 
0.539145 
0.523685 
0.577207 
0.517655 
0.5665 
0.519725 
0.611269 
0.502725 
0.553056 
0.51879 
0.532979 
0.485933 
0.557443 
0.504526 
0.5585 
0.487725 
0.534682 
0.479102 
0.52019 
0.498823 
0.542869 
0.514267 
0.619337 
0.520629 
0.618682 
0.508543 
0.55916 
0.496809 
0.532578 
0.527427 
0.58839 
0.539486 
0.582953 
0.515605 
0.547692 
0.495889 
0.51919 
0.491131 
0.565971 
0.514486 
0.585732 
0.576344 
0.618368 
0.489498 
0.546412 
0.492358 
0.570796 
0.507287 
0.601902 
0.517263 
0.560211 
0.494236 
0.575536 
0.529549 
0.576859 
0.491358 
0.632319 
0.537422 
0.589921 
0.486823 
0.573668 
0.523898 
0.580306 
0.519864 
0.626814 
0.516997 
0.60527 
0.499735 
0.611558 
0.512526 
0.579058 
0.504332 
0.570383 
0.531705 
0.566615 
0.530857 
0.570552 
0.510768 
0.560838 
0.51991 
0.600689 
0.53184 
0.576248 
0.505875 
0.583722 
0.554744 
0.581116 
0.488075 
0.540366 
0.503807 
0.580169 
0.511378 
0.595965 
0.518357 
0.617992 
0.503793 
0.611625 
0.527409 
0.58156 
0.509286 
0.584067 
0.506101 
0.573481 
0.520712 
0.594706 
0.504329 
0.59512 
0.543224 
0.560137 
0.478073 
0.570175 
0.52099 
0.590097 
0.524571 
0.599215 
0.509925 
0.603098 
0.555927 
0.61138 
0.497286 
0.578438 
0.543076 
0.585026 
0.553252 
0.577033 
0.523744 
0.596447 
0.501243 
0.562813 
0.543855 
0.568207 
0.492306 
0.595825 
0.511768 
0.564206 
0.492528 
0.588148 
0.533732 
0.557513 
0.471003 
0.59892 
0.545521 
0.607952 
0.506424 
0.569629 
0.515571 
0.589745 
0.500009 
0.644841 
0.560364 
0.572288 
0.47988 
0.57839 
0.526293 
0.602995 
0.5131 
0.613141 
0.520537 
0.59575 
0.507254 
0.60323 
0.515166 
0.601385 
0.515583 
0.569692 
0.488443 
0.587728 
0.520764 
0.606307 
0.516694 
0.559243 
0.486598 
0.563036 
0.538322 
0.582889 
0.501219 
0.591152 
0.508124 
0.59443 
0.517201 
0.598806 
0.524058 
0.553231 
0.514083 
0.630025 
0.515781 
0.559273 
0.480474 
0.536747 
0.5191 
0.587562 
0.526531 
0.579241 
0.505238 
0.649113 
0.545012 
0.596351 
0.500873 
0.560551 
0.51503 
0.599207 
0.504977 
0.583472 
0.527445 
0.595467 
0.53772 
0.578552 
0.513648 
0.567332 
0.470792 
0.548603 
0.520983 
0.571839 
0.512025 
0.554494 
0.489683 
0.534636 
0.514975 
0.62695 
0.541711 
0.570559 
0.482564 
0.54585 
0.510199 
0.570479 
0.511353 
0.596024 
0.523949 
0.604636 
0.532172 
0.550039 
0.469602 
0.596886 
0.537799 
0.605116 
0.542919 
0.593611 
0.526313 
0.557306 
0.47611 
0.581371 
0.532914 
0.589193 
0.491642 
0.597121 
0.508887 
0.571697 
0.490554 
0.581162 
0.549562 
0.588037 
0.51264 
0.608595 
0.538962 
0.603055 
0.510825 
0.62417 
0.531625 
0.622856 
0.49386 
0.570236 
0.51136 
0.591104 
0.530055 
0.587522 
0.501832 
0.581931 
0.533718 
0.591316 
0.499592 
0.563316 
0.539049 
0.644685 
0.524834 
0.590709 
0.523504 
0.583221 
0.564952 
0.605366 
0.530255 
0.591777 
0.50119 
0.603377 
0.545579 
0.571801 
0.486701 
0.564631 
0.521399 
0.529851 
0.496197 
0.593248 
0.567404 
0.588009 
0.494686 
0.547071 
0.500287 
0.595429 
0.527649 
0.57883 
0.497815 
0.548725 
0.475944 
0.590513 
0.551117 
0.607321 
0.505807 
0.550349 
0.499575 
0.580547 
0.521807 
0.537482 
0.514552 
0.57773 
0.509513 
0.604891 
0.53094 
0.602324 
0.493407 
0.522612 
0.513861 
0.592953 
0.493273 
0.51367 
0.521337 
0.590171 
0.518697 
0.539987 
0.526704 
0.573696 
0.528734 
0.572751 
0.500489 
0.616879 
0.524947 
0.58192 
0.539487 
0.551838 
0.514455 
0.550601 
0.520663 
0.604336 
0.521624 
0.590465 
0.487481 
0.562509 
0.520605 
0.605597 
0.503868 
0.580301 
0.517737 
0.59429 
0.517127 
0.616438 
0.514128 
0.545469 
0.525639 
0.589608 
0.507982 
0.539832 
0.513904 
0.622145 
0.526065 
0.54499 
0.481682 
0.54213 
0.502273 
0.582653 
0.546068 
0.607814 
0.505592 
0.541755 
0.495195 
0.556099 
0.522929 
0.571391 
0.508344 
0.58019 
0.535023 
0.572977 
0.507691 
0.572682 
0.523027 
0.54912 
0.492826 
0.592922 
0.533711 
0.558104 
0.496867 
0.655322 
0.532347 
0.597767 
0.495902 
0.580991 
0.511242 
0.571107 
0.484504 
0.585364 
0.518104 
0.605945 
0.499335 
0.606754 
0.522771 
0.576493 
0.519394 
0.570594 
0.527196 
0.541206 
0.515977 
0.571409 
0.558558 
0.589597 
0.497173 
0.583504 
0.502142 
0.577354 
0.509983 
0.62459 
0.523439 
0.588935 
0.517911 
0.581838 
0.507728 
0.584449 
0.501199 
0.539857 
0.507534 
0.607901 
0.512282 
0.60419 
0.53253 
0.528117 
0.466127 
0.539543 
0.544111 
0.591589 
0.510852 
0.572635 
0.510252 
0.613504 
0.505409 
0.576672 
0.526453 
0.576079 
0.512782 
0.553153 
0.492187 
0.597261 
0.509288 
0.537382 
0.496129 
0.566709 
0.530226 
0.607594 
0.51659 
0.577199 
0.498958 
0.546701 
0.485844 
0.591275 
0.522161 
0.55791 
0.497345 
0.572644 
0.547338 
0.570292 
0.535453 
0.579749 
0.512775 
0.594726 
0.519693 
0.612929 
0.528066 
0.570941 
0.507254 
0.565389 
0.502545 
0.606471 
0.546298 
0.616807 
0.499666 
0.54031 
0.508636 
0.574267 
0.518857 
0.60056 
0.550437 
0.610937 
0.500434 
0.54987 
0.510786 
0.584466 
0.508812 
0.543704 
0.525249 
0.582523 
0.538689 
0.581708 
0.50677 
0.554092 
0.499431 
0.578909 
0.533291 
0.601676 
0.493138 
0.528838 
0.524674 
0.580349 
0.504479 
0.597969 
0.541015 
0.60793 
0.494984 
0.538202 
0.543525 
0.566557 
0.49475 
0.558628 
0.539214 
0.589892 
0.49737 
0.57774 
0.526235 
0.561363 
0.497137 
0.590085 
0.547029 
0.561602 
0.49681 
0.534965 
0.500106 
0.575317 
0.519441 
0.583642 
0.530048 
0.584927 
0.490763 
0.521245 
0.508764 
0.599692 
0.507536 
0.556259 
0.540768 
0.566698 
0.497843 
0.591883 
0.538773 
0.587286 
0.490735 
0.544941 
0.487621 
0.565981 
0.506684 
0.577686 
0.53848 
0.58788 
0.491445 
0.581988 
0.512501 
0.591079 
0.503748 
0.550222 
0.511379 
0.618572 
0.514822 
0.565277 
0.509919 
0.566712 
0.499318 
0.523441 
0.53563 
0.605532 
0.497339 
0.534171 
0.509619 
0.56976 
0.506047 
0.545911 
0.504952 
0.576987 
0.515199 
0.578792 
0.494066 
0.525626 
0.494708 
0.575405 
0.522264 
0.578539 
0.493918 
0.552251 
0.538903 
0.567971 
0.512701 
0.553322 
0.510052 
0.606121 
0.568984 
0.622038 
0.490586 
0.532457 
0.490954 
0.542864 
0.521285 
0.599943 
0.510056 
0.588376 
0.510741 
0.598757 
0.528329 
0.601197 
0.511001 
0.603362 
0.52115 
0.584343 
0.524788 
0.595654 
0.522789 
0.597903 
0.514918 
0.642424 
0.53102 
0.570085 
0.488794 
0.565876 
0.538035 
0.545009 
0.484358 
0.569626 
0.545482 
0.579682 
0.504044 
0.568209 
0.518098 
0.559218 
0.498049 
0.559334 
0.504548 
0.553696 
0.513751 
0.569529 
0.507984 
0.559124 
0.528243 
0.542892 
0.525635 
0.57415 
0.502527 
0.552257 
0.490331 
0.549187 
0.496044 
0.539462 
0.511645 
0.561863 
0.503229 
0.59832 
0.520262 
0.558805 
0.486307 
0.584189 
0.516222 
0.573067 
0.500018 
0.584167 
0.520187 
0.552145 
0.47133 
0.552657 
0.519526 
0.571211 
0.493446 
0.608965 
0.518798 
0.585826 
0.512131 
0.591535 
0.543366 
0.553808 
0.488164 
0.568219 
0.577652 
0.614419 
0.514931 
0.559856 
0.505213 
0.534267 
0.483783 
0.543505 
0.520022 
0.570805 
0.495382 
0.571807 
0.50284 
0.547415 
0.508689 
0.544825 
0.506237 
0.537929 
0.502152 
0.558934 
0.500136 
0.545209 
0.512351 
0.585948 
0.498717 
0.536365 
0.522207 
0.554099 
0.52427 
0.541941 
0.473427 
0.58541 
0.514345 
0.597396 
0.500218 
0.564249 
0.494799 
0.568978 
0.500225 
0.5526 
0.496823 
0.593315 
0.534724 
0.553354 
0.485949 
0.582043 
0.529731 
0.586006 
0.518365 
0.55211 
0.510197 
0.571919 
0.503163 
0.54574 
0.486476 
0.573621 
0.531602 
0.603617 
0.536172 
0.566587 
0.509088 
0.556852 
0.503375 
0.594446 
0.578836 
0.558905 
0.518431 
0.569233 
0.510137 
0.568744 
0.497602 
0.577466 
0.53583 
0.589793 
0.497146 
0.545184 
0.500993 
0.569781 
0.543948 
0.612297 
0.52655 
0.570517 
0.498309 
0.536119 
0.492352 
0.569366 
0.51305 
0.559213 
0.542209 
0.573037 
0.516068 
0.584687 
0.512559 
0.543972 
0.510055 
0.57453 
0.516562 
0.562136 
0.533169 
0.55541 
0.498609 
0.577328 
0.560934 
0.582915 
0.5155 
0.625619 
0.519307 
0.590468 
0.547104 
0.571654 
0.537443 
0.579509 
0.495618 
0.589384 
0.517005 
0.584147 
0.517179 
0.604909 
0.510828 
0.603733 
0.531569 
0.579691 
0.517476 
0.58498 
0.516808 
0.59414 
0.510475 
0.630385 
0.552296 
0.623619 
0.503815 
0.571792 
0.504284 
0.61189 
0.532457 
0.637927 
0.51122 
0.566913 
0.514513 
0.585652 
0.510294 
0.591736 
0.545936 
0.615572 
0.508427 
0.579413 
0.510578 
0.619915 
0.516674 
0.589665 
0.526617 
0.602056 
0.502456 
0.570782 
0.527528 
0.576136 
0.533416 
0.604612 
0.504625 
0.554846 
0.499422 
0.601021 
0.558529 
0.603248 
0.498547 
0.572901 
0.524717 
0.596197 
0.492588 
0.535853 
0.537323 
0.602485 
0.523412 
0.560722 
0.494826 
0.557858 
0.577649 
0.573309 
0.498149 
0.543965 
0.481013 
0.578333 
0.522436 
0.555457 
0.505111 
0.537104 
0.540761 
0.582017 
0.540596 
0.581049 
0.490194 
0.578584 
0.520845 
0.585529 
0.51923 
0.678046 
0.544061 
0.623647 
0.509029 
0.544683 
0.538137 
0.621173 
0.512954 
0.575733 
0.51665 
0.622715 
0.518246 
0.623008 
0.515714 
0.573366 
0.526852 
0.68602 
0.534739 
0.596831 
0.49459 
0.588823 
0.538257 
0.60974 
0.512815 
0.614 
0.526723 
0.592119 
0.494193 
0.562377 
0.535271 
0.585766 
0.502176 
0.633809 
0.567638 
0.64088 
0.524069 
0.57466 
0.503394 
0.546497 
0.514097 
0.582531 
0.510686 
0.589357 
0.535885 
0.612254 
0.527406 
0.600588 
0.523914 
0.629194 
0.534296 
0.595239 
0.498564 
0.59036 
0.548615 
0.602767 
0.511564 
0.61274 
0.517407 
0.584697 
0.531285 
0.598057 
0.524279 
0.603438 
0.518065 
0.592246 
0.521614 
0.587593 
0.503969 
0.590597 
0.512027 
0.638548 
0.536527 
0.615301 
0.497176 
0.562691 
0.498974 
0.549967 
0.515377 
0.558131 
