2.4907 
1.40334 
0.806999 
0.725219 
0.546596 
0.470702 
0.398487 
0.381285 
0.337271 
0.323357 
0.306818 
0.29324 
0.256313 
0.241225 
0.228095 
0.210636 
0.191893 
0.17756 
0.164334 
0.157467 
0.145698 
0.136909 
0.132438 
0.12291 
0.117943 
0.110976 
0.108062 
0.100773 
0.0980525 
0.0960955 
0.0888181 
0.0847914 
0.0801536 
0.0789504 
0.0786433 
0.0747886 
0.0701447 
0.0694819 
0.0653517 
0.0629642 
0.0598849 
0.0578014 
0.056531 
0.053849 
0.0524465 
0.0515929 
0.049433 
0.0489707 
0.0480744 
0.0455367 
0.0446253 
0.0422736 
0.0418948 
0.0404959 
0.0389717 
0.0382611 
0.037208 
0.0362811 
0.0352058 
0.0348536 
0.0337493 
0.0328123 
0.032405 
0.0321272 
0.0306135 
0.0303862 
0.0293058 
0.0286785 
0.0275738 
0.0272732 
0.0264862 
0.0260978 
0.0257794 
0.0244374 
0.0235262 
0.0227654 
0.0226691 
0.0223989 
0.021811 
0.0213529 
0.0210482 
0.0206319 
0.0200715 
0.0196955 
0.0194048 
0.0188895 
0.0185744 
0.0181368 
0.0176449 
0.0171901 
0.0167162 
0.0160697 
0.0158108 
0.0151633 
0.0148956 
0.0142568 
0.0140311 
0.0139343 
0.0134326 
0.0130401 
0.0128058 
0.0126339 
0.0124524 
0.0119766 
0.0116461 
0.0114537 
0.0113069 
0.011074 
0.0108501 
0.010685 
0.0102973 
0.0100091 
0.00968967 
0.00942403 
0.0092718 
0.00908882 
0.00888767 
0.00867973 
0.00831699 
0.00818235 
0.00800071 
0.00760033 
0.00747793 
0.00738817 
0.00719957 
0.00704173 
0.00686321 
0.00679557 
0.00642119 
0.00622479 
0.00611141 
0.0060136 
0.00594006 
0.00579092 
0.0054715 
0.00516587 
0.00509083 
0.00493389 
0.00465786 
0.00454824 
0.00427219 
0.00418943 
0.00410925 
0.00397365 
0.00389151 
0.00368215 
0.00354215 
0.00344741 
0.00332609 
0.00309094 
0.0030226 
0.00286898 
0.00268121 
0.00258904 
0.00233267 
0.00224823 
0.00197742 
0.00194451 
0.00171977 
0.00147084 
0.00136123 
0.0010942 
0.000980886 
0.000882794 
0.000837689 
0.000653428 
0.000533559 
0.000383318 
0.000315952 
0.000286114 
0.000230714 
0.000165868 
0.000119692 
9.0108e-05 
8.27453e-05 
8.07289e-05 
6.774e-05 
4.75951e-05 
3.57185e-05 
3.34778e-05 
2.77564e-05 
2.2186e-05 
1.7057e-05 
1.45222e-05 
1.19311e-05 
1.05631e-05 
9.27485e-06 
8.2975e-06 
7.35667e-06 
6.475e-06 
4.48296e-06 
3.98751e-06 
3.72353e-06 
2.85621e-06 
2.49555e-06 
1.93264e-06 
1.43125e-06 
1.1022e-06 
9.7948e-07 
7.91393e-07 
4.81224e-07 
3.98975e-07 
2.84336e-07 
1.87277e-07 
1.35424e-07 
9.10623e-08 
8.24315e-08 
7.2158e-08 
7.08679e-08 
6.49793e-08 
5.82062e-08 
5.52131e-08 
5.22953e-08 
4.8469e-08 
4.07749e-08 
3.87716e-08 
3.3854e-08 
3.30848e-08 
3.10143e-08 
2.88125e-08 
2.77975e-08 
2.70277e-08 
2.56903e-08 
2.52825e-08 
2.41972e-08 
2.38215e-08 
2.2372e-08 
2.11876e-08 
2.05297e-08 
1.98951e-08 
1.95516e-08 
1.92479e-08 
1.8992e-08 
1.86995e-08 
1.74941e-08 
1.73033e-08 
1.6745e-08 
1.64288e-08 
1.621e-08 
1.58945e-08 
1.51121e-08 
1.47041e-08 
1.4225e-08 
1.37181e-08 
1.33785e-08 
1.27017e-08 
1.26649e-08 
1.25659e-08 
1.21531e-08 
1.18481e-08 
1.13326e-08 
1.10164e-08 
1.09314e-08 
1.0177e-08 
9.776e-09 
9.53501e-09 
9.34506e-09 
