0.656667 
0.428529 
0.295121 
0.284306 
0.282976 
0.265346 
0.255261 
0.247094 
0.243568 
0.233227 
0.227983 
0.221203 
0.215378 
0.212132 
0.210465 
0.207737 
0.203463 
0.201259 
0.195245 
0.192362 
0.19093 
0.181979 
0.179673 
0.176425 
0.175075 
0.172319 
0.171051 
0.167773 
0.164468 
0.160426 
0.159494 
0.157894 
0.157357 
0.15595 
0.152875 
0.15251 
0.14925 
0.14657 
0.145229 
0.142421 
0.13932 
0.138308 
0.137465 
0.135758 
0.134001 
0.133311 
0.129057 
0.128793 
0.127301 
0.125827 
0.124478 
0.122507 
0.121863 
0.118232 
0.117215 
0.116017 
0.114087 
0.112554 
0.112204 
0.111025 
0.109718 
0.10883 
0.107244 
0.106398 
0.105357 
0.104561 
0.102209 
0.101063 
0.100191 
0.0994147 
0.0979751 
0.0969256 
0.0955935 
0.094167 
0.0925658 
0.0918979 
0.0902749 
0.0896124 
0.0882371 
0.087307 
0.0868045 
0.0857727 
0.0835998 
0.0830026 
0.0823215 
0.0813219 
0.0801363 
0.0789346 
0.0781551 
0.0763565 
0.0753792 
0.0751257 
0.0741119 
0.0729556 
0.0717605 
0.0704351 
0.0696121 
0.0690277 
0.0676275 
0.0672439 
0.066976 
0.0658897 
0.0650309 
0.0642375 
0.0632903 
0.0622579 
0.0618967 
0.0606903 
0.0599631 
0.0586199 
0.0585527 
0.0583127 
0.0570277 
0.0561904 
0.0554281 
0.0551411 
0.0544235 
0.0540101 
0.0522737 
0.0510818 
0.05093 
0.0500661 
0.0494431 
0.0490767 
0.0481802 
0.0472657 
0.0469046 
0.0459861 
0.0453145 
0.0447986 
0.0443707 
0.0437713 
0.0432267 
0.0427199 
0.0419987 
0.0415035 
0.0409811 
0.0399623 
0.0398499 
0.0392994 
0.0389156 
0.0387213 
0.0386021 
0.0380626 
0.036699 
0.0361506 
0.0355482 
0.0350611 
0.0346319 
0.034058 
0.0337702 
0.033352 
0.0328269 
0.0326712 
0.032615 
0.031838 
0.0314927 
0.0313322 
0.0305561 
0.0303675 
0.0299731 
0.0294285 
0.0289614 
0.0284943 
0.0278371 
0.0276701 
0.0270908 
0.0266848 
0.0264616 
0.026101 
0.0258634 
0.0256201 
0.0249163 
0.0246176 
0.0243567 
0.0242052 
0.0237303 
0.0230787 
0.0227582 
0.0224083 
0.0221087 
0.0219657 
0.0215619 
0.0213798 
0.0209985 
0.020845 
0.0203645 
0.0199723 
0.0197191 
0.0193311 
0.0189248 
0.0187027 
0.0183867 
0.018166 
0.0175197 
0.0174678 
0.0171928 
0.0166784 
0.0162562 
0.0161562 
0.0160644 
0.0156975 
0.015082 
0.0149858 
0.0148938 
0.0146206 
0.0144583 
0.0142078 
0.0140762 
0.0135973 
0.0132439 
0.0131441 
0.0128294 
0.0126978 
0.012502 
0.0121197 
0.0118854 
0.0117387 
0.0114961 
0.0112901 
0.0109925 
0.010725 
0.0104291 
0.0102133 
0.0100117 
0.0099411 
0.00976165 
0.00959157 
0.00923441 
0.00918582 
0.00899377 
0.00869585 
0.00841053 
0.00806769 
0.00792359 
0.00770483 
0.0073772 
0.00713254 
0.00706767 
0.00681686 
0.00667011 
0.00652772 
0.00647906 
0.00613074 
0.0059603 
0.00571636 
0.00538551 
0.00536022 
0.00513506 
0.00500304 
0.00495339 
0.00453501 
0.00441367 
0.00427106 
0.00405493 
0.00354771 
0.00335987 
