2.53371 
1.57785 
0.855791 
0.771387 
0.587752 
0.519478 
0.4473 
0.383852 
0.378571 
0.343375 
0.305402 
0.300501 
0.283642 
0.261301 
0.251802 
0.221794 
0.211437 
0.20251 
0.19859 
0.192189 
0.182447 
0.170366 
0.164961 
0.156877 
0.149929 
0.136066 
0.128312 
0.1261 
0.12236 
0.113336 
0.108145 
0.10411 
0.098342 
0.0962346 
0.0895804 
0.0880764 
0.0812559 
0.08013 
0.0770817 
0.0732327 
0.0678906 
0.0625987 
0.0581393 
0.0552563 
0.0504309 
0.0472312 
0.0440781 
0.0411626 
0.0407081 
0.0384291 
0.0346805 
0.0328793 
0.0273067 
0.0256219 
0.0244355 
0.022095 
0.0182844 
0.0168409 
0.0163493 
0.0137027 
0.0107504 
0.00610335 
0.00497416 
0.00437615 
0.00237954 
0.00121266 
1.7158e-07 
1.59636e-07 
1.47168e-07 
9.31969e-08 
8.86253e-08 
8.55145e-08 
7.89109e-08 
6.61731e-08 
6.14055e-08 
6.02194e-08 
5.76942e-08 
5.50974e-08 
5.38974e-08 
5.25841e-08 
4.96952e-08 
4.92496e-08 
4.79267e-08 
4.77062e-08 
4.65739e-08 
4.55298e-08 
4.43436e-08 
4.37086e-08 
4.23704e-08 
4.13927e-08 
4.08789e-08 
4.05072e-08 
3.97039e-08 
3.91378e-08 
3.89048e-08 
3.787e-08 
3.72164e-08 
3.65326e-08 
3.57544e-08 
3.50248e-08 
3.48611e-08 
3.41599e-08 
3.40227e-08 
3.341e-08 
3.30904e-08 
3.28221e-08 
3.26749e-08 
3.23478e-08 
3.18976e-08 
3.16149e-08 
3.09956e-08 
3.09034e-08 
3.0833e-08 
3.012e-08 
2.98237e-08 
2.96866e-08 
2.94043e-08 
2.88853e-08 
2.86263e-08 
2.79948e-08 
2.78979e-08 
2.76498e-08 
2.72089e-08 
2.69731e-08 
2.66707e-08 
2.63449e-08 
2.60562e-08 
2.5792e-08 
2.55708e-08 
2.4967e-08 
2.46475e-08 
2.46287e-08 
2.4248e-08 
2.39538e-08 
2.3498e-08 
2.33822e-08 
2.32381e-08 
2.3198e-08 
2.30385e-08 
2.24982e-08 
2.24476e-08 
2.22713e-08 
2.19956e-08 
2.16542e-08 
2.13538e-08 
2.1205e-08 
2.08945e-08 
2.07779e-08 
2.04944e-08 
2.0293e-08 
1.98192e-08 
1.98011e-08 
1.95978e-08 
1.93692e-08 
1.9205e-08 
1.89137e-08 
1.85663e-08 
1.8538e-08 
1.84539e-08 
1.81612e-08 
1.79812e-08 
1.77942e-08 
1.7614e-08 
1.75146e-08 
1.7148e-08 
1.69713e-08 
1.67514e-08 
1.65258e-08 
1.6351e-08 
1.61857e-08 
1.61027e-08 
1.60576e-08 
1.56762e-08 
1.54382e-08 
1.52147e-08 
1.51724e-08 
1.48917e-08 
1.47637e-08 
1.44971e-08 
1.44232e-08 
1.4201e-08 
1.40816e-08 
1.3968e-08 
1.39334e-08 
1.35725e-08 
1.33981e-08 
1.33679e-08 
1.32223e-08 
1.31348e-08 
1.29899e-08 
1.2784e-08 
1.24416e-08 
1.2388e-08 
1.23004e-08 
1.21468e-08 
1.19721e-08 
1.1848e-08 
1.16309e-08 
1.15696e-08 
1.14628e-08 
1.11825e-08 
1.11101e-08 
1.09212e-08 
1.0818e-08 
1.07622e-08 
1.0634e-08 
1.05245e-08 
1.03872e-08 
1.02766e-08 
1.01918e-08 
9.93603e-09 
9.88884e-09 
9.8065e-09 
9.67511e-09 
9.52599e-09 
9.44498e-09 
9.31138e-09 
9.16677e-09 
9.0558e-09 
8.98273e-09 
8.84926e-09 
8.64099e-09 
8.41824e-09 
8.33269e-09 
8.22725e-09 
8.1602e-09 
7.96196e-09 
7.82295e-09 
7.70828e-09 
7.55231e-09 
7.50756e-09 
7.4394e-09 
7.27398e-09 
7.18342e-09 
7.04539e-09 
6.85173e-09 
6.7786e-09 
6.6076e-09 
6.46619e-09 
6.44904e-09 
6.35032e-09 
6.1533e-09 
6.0368e-09 
5.82733e-09 
5.72183e-09 
5.60328e-09 
5.50559e-09 
5.31086e-09 
5.15422e-09 
4.94663e-09 
4.69421e-09 
4.5323e-09 
4.34984e-09 
4.13154e-09 
4.01354e-09 
3.80582e-09 
3.26846e-09 
