1.56703 
3.94072 
3.39486 
5.71066 
5.10456 
6.92053 
5.89617 
8.45422 
6.04663 
9.48102 
6.36777 
10.3281 
5.84823 
11.8879 
5.36837 
13.0513 
4.80819 
13.2397 
5.16503 
13.9365 
5.04084 
13.0488 
5.94222 
13.9158 
5.64494 
13.3732 
5.91445 
14.3721 
5.4601 
13.7726 
5.76165 
14.7564 
5.8104 
13.8248 
6.15285 
14.1596 
6.1416 
13.6492 
6.39843 
15.0227 
5.61018 
13.8468 
6.13092 
15.4306 
5.8511 
13.8496 
6.92003 
13.3547 
7.32914 
13.5806 
6.84485 
14.1114 
6.70965 
13.915 
7.14127 
13.3512 
7.75288 
12.7802 
7.50449 
14.1396 
6.9197 
13.6609 
7.31511 
13.583 
7.48848 
13.3121 
7.65028 
13.778 
6.80737 
14.9579 
6.14129 
14.7882 
6.76903 
13.7372 
7.47678 
13.239 
7.95498 
13.5803 
7.53938 
13.6099 
7.79835 
12.8548 
8.28763 
12.9162 
7.76411 
14.0961 
7.04379 
14.1308 
7.65229 
13.962 
6.81267 
14.1366 
7.13468 
14.1001 
7.23103 
14.3526 
7.17167 
13.6293 
7.36299 
14.3221 
7.08619 
14.2432 
6.53354 
15.3513 
6.69206 
14.1284 
6.80248 
14.4851 
7.03636 
14.3149 
6.74045 
15.0998 
6.20937 
15.1009 
6.29358 
15.0428 
6.84739 
13.7665 
7.66352 
13.4987 
8.14723 
13.2332 
8.02984 
13.5441 
7.5899 
13.6863 
7.67786 
14.2085 
7.26298 
13.9281 
7.44558 
13.7873 
8.08513 
13.5263 
7.29868 
13.9666 
7.4821 
14.3639 
6.95159 
14.6859 
6.56378 
15.1319 
6.18435 
15.2862 
6.64091 
14.1796 
7.18717 
14.3049 
7.19719 
14.0562 
7.46 
14.3227 
7.02786 
14.2763 
7.63688 
13.6113 
7.23768 
14.5435 
6.80897 
14.9093 
6.57509 
15.1193 
6.27579 
14.9204 
7.18588 
14.1775 
7.08538 
14.1761 
7.62997 
13.8406 
7.70417 
13.701 
7.49557 
14.2763 
7.18585 
13.8607 
7.99952 
13.779 
7.07525 
14.6138 
7.11631 
14.1726 
7.23174 
14.3002 
7.67411 
13.7497 
6.89081 
14.9786 
7.03786 
14.7207 
6.56464 
14.3552 
7.24962 
14.6517 
6.47752 
15.2373 
7.24635 
13.7813 
7.13937 
14.405 
7.00707 
14.9925 
6.49356 
14.9481 
6.73186 
14.7954 
6.74734 
14.5931 
6.8794 
14.754 
6.96794 
14.1832 
7.13622 
14.6849 
7.11987 
14.255 
7.25321 
14.1292 
7.25432 
14.1381 
7.6857 
14.1845 
6.72256 
15.0791 
6.49918 
14.9943 
6.75554 
14.6897 
7.16545 
13.778 
7.59568 
14.7035 
7.01988 
14.0281 
7.29242 
13.9952 
7.79671 
14.1838 
7.15232 
14.3608 
6.78583 
15.4845 
6.50954 
14.4569 
7.17187 
14.0557 
7.51758 
14.295 
7.24695 
14.143 
7.43989 
14.0802 
7.71932 
13.7139 
7.61587 
14.022 
7.39421 
13.9378 
7.78738 
13.8226 
7.96737 
13.4226 
7.77548 
13.6289 
7.8659 
14.6837 
7.22549 
13.4519 
7.97083 
13.7052 
7.92905 
13.768 
7.75621 
13.9337 
7.56705 
14.1522 
7.69716 
13.5474 
7.2403 
14.9126 
7.29119 
14.0817 
7.39629 
14.2009 
7.57379 
13.7076 
7.39006 
14.3955 
7.57703 
14.1071 
6.99261 
14.6332 
7.22676 
14.3348 
7.0479 
14.4835 
7.44974 
14.2872 
6.92459 
14.6965 
6.97111 
14.8278 
6.39697 
15.1606 
6.85997 
14.7856 
6.72292 
14.3036 
7.35577 
14.3355 
7.23172 
14.4438 
7.03108 
14.4247 
7.39605 
14.4532 
6.93631 
14.3859 
7.23534 
14.8022 
6.9737 
14.3462 
7.3606 
13.8562 
7.67872 
14.476 
6.87041 
14.5427 
7.04772 
14.5758 
7.52356 
13.5646 
7.59818 
14.0122 
7.72356 
13.6255 
7.70526 
14.2766 
7.75556 
13.7743 
7.62354 
13.857 
7.29256 
14.6947 
7.42228 
13.8624 
7.47155 
14.053 
7.23592 
14.7487 
7.14317 
14.5981 
7.05409 
13.9267 
7.76788 
13.9339 
7.99066 
13.263 
7.97561 
14.1491 
6.97521 
14.8138 
7.06679 
14.582 
7.24976 
13.4418 
8.25704 
13.8329 
7.72845 
12.9965 
8.76146 
13.4956 
8.20533 
13.1877 
8.15014 
13.8004 
7.46319 
14.4361 
6.76482 
15.1771 
7.02433 
14.0012 
8.01236 
13.2424 
8.24935 
13.447 
7.65708 
14.6616 
7.01339 
14.4536 
7.0687 
14.1341 
7.75153 
14.2189 
7.11177 
14.4162 
7.15864 
14.5937 
7.02459 
14.6124 
7.37052 
13.4551 
8.26145 
13.7345 
7.55688 
13.7912 
7.66185 
14.5966 
7.26187 
13.788 
7.70716 
13.8672 
7.49166 
14.5514 
7.40674 
14.2023 
7.39144 
13.7203 
7.8655 
13.7376 
8.0349 
13.5307 
7.71436 
14.1526 
7.67903 
14.0731 
7.31573 
14.3055 
7.60623 
13.7351 
7.46756 
14.611 
7.13654 
14.3399 
6.64189 
15.8622 
6.33091 
14.7605 
6.7444 
14.6552 
7.06802 
14.5653 
6.7184 
15.1583 
6.71764 
14.7811 
6.77563 
14.8351 
7.29612 
13.564 
8.35181 
12.973 
8.77754 
12.6531 
8.57001 
13.3481 
8.08975 
14.1217 
7.1468 
14.5875 
7.09489 
14.4324 
7.04911 
15.0863 
6.67065 
14.4108 
7.38423 
14.2031 
7.28281 
14.3388 
7.45009 
13.7347 
7.63216 
14.6761 
6.78879 
14.5865 
7.92969 
12.8702 
8.06545 
13.8586 
8.02432 
13.9958 
7.24167 
14.4173 
7.04846 
15.0594 
6.62261 
14.567 
7.39104 
14.1469 
7.43341 
14.0836 
7.17368 
15.0729 
6.67572 
14.2195 
7.58439 
14.0278 
7.46889 
14.7896 
6.85221 
14.2986 
7.3102 
14.0344 
7.58022 
14.4139 
7.50707 
13.6278 
8.05688 
13.6066 
8.30092 
13.1649 
8.28409 
13.7662 
7.26992 
14.7428 
6.79441 
15.0512 
6.8712 
14.2076 
7.46247 
14.1482 
7.0202 
14.8673 
7.17749 
14.4354 
7.23579 
13.7456 
7.94886 
13.934 
7.40417 
14.5365 
7.5021 
14.0701 
7.34696 
13.8786 
8.01215 
13.7338 
7.69823 
13.6682 
8.06208 
13.7284 
7.89023 
14.1103 
7.36817 
13.9665 
7.47339 
14.2689 
7.816 
13.7341 
7.73414 
13.2671 
8.40754 
13.9189 
7.12402 
14.7269 
7.48189 
13.931 
7.7458 
13.1397 
8.9208 
13.0597 
7.63645 
14.1506 
7.90751 
14.0711 
7.06962 
14.5848 
7.55175 
13.634 
7.74463 
13.9578 
8.39502 
12.879 
8.09301 
13.86 
7.55558 
14.2773 
7.259 
14.493 
7.57529 
13.9302 
7.4276 
13.7597 
7.91997 
14.1 
7.52101 
13.8074 
8.16694 
13.638 
7.2736 
14.8404 
7.21343 
14.1804 
7.2904 
14.1306 
7.3129 
14.6524 
6.98598 
14.5302 
7.51864 
14.1208 
6.9377 
14.9754 
6.82355 
14.7948 
6.73792 
14.5911 
7.10581 
14.931 
7.00135 
13.9444 
8.09329 
13.3712 
8.00937 
13.489 
8.32978 
13.9765 
7.05284 
14.058 
7.95894 
13.7914 
7.66079 
13.9203 
7.74175 
14.0682 
7.49117 
14.1324 
7.6079 
13.5985 
7.75341 
14.5102 
7.37953 
14.033 
7.54408 
13.7918 
8.30378 
13.3609 
7.84157 
13.8948 
7.60727 
14.3649 
7.53516 
14.49 
7.0198 
13.6381 
8.11505 
13.6435 
7.87573 
14.26 
7.12082 
14.5656 
7.14277 
14.5606 
7.10444 
14.6465 
6.88028 
14.5908 
7.28299 
14.1843 
7.53413 
14.1362 
7.32299 
14.6043 
6.71819 
15.1773 
6.9296 
14.0789 
7.72017 
13.4866 
8.42385 
13.1526 
7.85809 
13.9453 
8.07347 
13.7085 
7.83584 
13.5241 
8.2044 
13.4703 
8.06258 
13.5059 
8.07657 
13.4774 
8.50195 
13.1168 
8.44281 
12.9625 
9.10512 
12.4304 
8.59446 
13.6397 
7.86881 
13.5887 
7.90738 
13.7982 
8.12847 
13.1817 
8.36997 
13.6304 
7.69522 
14.4407 
7.25338 
14.1227 
7.41558 
14.3687 
7.17443 
14.523 
7.26537 
14.1594 
7.78089 
13.6587 
7.73237 
13.971 
7.76705 
13.9926 
7.39646 
14.4928 
7.36668 
14.0316 
7.85638 
13.4546 
8.69819 
12.577 
8.47953 
13.3678 
8.30805 
14.2408 
7.2541 
13.4279 
8.58934 
12.9072 
8.43333 
13.2291 
8.45348 
13.5859 
7.87936 
13.569 
8.26892 
13.2926 
8.52388 
12.9089 
8.6153 
13.0124 
8.45629 
13.5734 
7.85678 
13.7325 
7.96733 
14.0337 
7.65917 
13.1789 
8.98311 
12.8221 
8.42121 
13.7145 
7.02891 
15.1907 
6.6862 
15.0336 
6.86349 
14.2107 
7.4039 
14.446 
7.4409 
13.7476 
7.53913 
14.4945 
7.76442 
13.4687 
7.56999 
14.4435 
7.45185 
14.0351 
7.65187 
13.846 
7.69494 
14.1365 
7.48823 
14.0779 
7.3221 
14.3578 
7.47186 
14.3796 
7.64535 
13.4405 
7.98359 
13.7986 
7.89419 
13.7298 
8.21164 
13.3878 
8.08309 
13.5256 
7.88926 
14.0781 
7.44701 
13.9958 
7.8657 
14.1053 
7.31234 
13.9203 
7.5996 
14.3415 
7.5775 
14.3244 
7.21515 
14.1553 
7.56424 
13.6419 
7.77331 
14.3002 
7.58208 
13.6019 
8.34212 
13.4802 
7.93354 
13.7497 
7.85373 
13.6518 
7.97483 
13.7588 
7.84716 
13.7154 
8.36629 
12.8499 
8.25498 
14.105 
7.64425 
14.0886 
7.04679 
15.2659 
6.98366 
13.7126 
8.13 
13.5183 
8.07795 
13.7391 
7.17553 
14.8776 
6.87663 
14.6157 
6.96611 
14.9121 
6.82405 
14.7156 
7.06471 
14.2453 
7.63556 
14.064 
7.30513 
14.6753 
6.71063 
14.9597 
7.35811 
14.1623 
7.3802 
14.0106 
7.17647 
14.9348 
6.83558 
14.9519 
6.89157 
14.1215 
7.60723 
14.0984 
7.17772 
14.4436 
7.65498 
14.1606 
7.14747 
14.3975 
7.14044 
14.8259 
6.99642 
14.3171 
7.72304 
13.7949 
7.50563 
14.0048 
7.91037 
13.6622 
7.80509 
14.272 
7.2292 
14.0105 
7.30811 
14.908 
7.11497 
14.526 
7.05783 
13.9323 
8.26889 
13.5349 
7.706 
13.4316 
8.64824 
13.3751 
7.974 
13.3579 
8.3095 
13.1437 
8.85591 
13.3279 
7.71775 
13.6115 
7.70093 
14.4546 
7.84931 
13.0656 
8.48562 
13.1762 
8.6157 
13.3804 
7.91885 
14.2685 
6.93746 
14.7239 
6.86329 
15.0946 
6.30002 
15.8772 
6.2251 
14.9993 
7.07574 
13.4644 
7.99923 
14.8803 
6.21343 
14.8921 
6.75564 
15.4762 
6.38203 
15.031 
6.69563 
14.6211 
6.86129 
15.5463 
6.32399 
14.8149 
7.03008 
14.3184 
7.16443 
14.8573 
6.64831 
14.8597 
7.08317 
14.4499 
7.22498 
13.8614 
7.77422 
14.4054 
6.68306 
15.3535 
6.65729 
15.1072 
7.04553 
13.5725 
8.00512 
13.3009 
8.18783 
14.2238 
6.68716 
15.075 
7.01893 
14.6751 
7.11527 
14.3615 
7.16157 
14.7492 
7.2654 
14.1212 
7.15524 
14.5403 
7.28029 
14.7268 
6.51787 
15.1048 
6.69151 
14.5736 
7.43321 
14.243 
7.12049 
14.7637 
7.04234 
14.1652 
7.39946 
14.7615 
6.51507 
15.1879 
6.1866 
15.7284 
6.50341 
14.6456 
7.19062 
14.1567 
7.69966 
13.5183 
7.94542 
13.9431 
