0.893556 
0.712638 
0.602797 
0.505353 
0.430246 
0.371041 
0.327118 
0.294896 
0.268051 
0.24385 
0.221131 
0.204282 
0.190677 
0.178869 
0.167164 
0.155786 
0.147039 
0.139525 
0.132305 
0.125683 
0.119095 
0.11361 
0.108914 
0.104685 
0.100677 
0.0970214 
0.0936412 
0.0902805 
0.087054 
0.0841383 
0.0813616 
0.0788146 
0.0763699 
0.0739648 
0.0717769 
0.0697419 
0.0678538 
0.0659976 
0.0643291 
0.0628486 
0.0614018 
0.0599321 
0.0582838 
0.0568764 
0.0555183 
0.0542644 
0.0530056 
0.0517797 
0.0506997 
0.049666 
0.0486358 
0.0476556 
0.0466847 
0.04572 
0.0446662 
0.0436354 
0.0426344 
0.0417578 
0.0409348 
0.0400753 
0.0392715 
0.0385648 
0.0377727 
0.037068 
0.0364756 
0.0358573 
0.0353079 
0.0347244 
0.0340949 
0.0334532 
0.0328081 
0.0321232 
0.0315357 
0.0309645 
0.0303726 
0.0298142 
0.0292801 
0.0287326 
0.0282333 
0.0277805 
0.0273194 
0.0269283 
0.0265295 
0.0260579 
0.025638 
0.0252393 
0.0247772 
0.0243409 
0.0239931 
0.0236571 
0.0233183 
0.0229493 
0.022599 
0.0222996 
0.0220372 
0.0217506 
0.021485 
0.0211376 
0.0208158 
0.0205549 
0.0202241 
0.0199188 
0.0196734 
0.0194283 
0.01913 
0.0188839 
0.0186405 
0.0184047 
0.0182005 
0.0179155 
0.0176598 
0.0174 
0.0171947 
0.0170119 
0.0167932 
0.0165917 
0.0163946 
0.0161998 
0.0160214 
0.0158164 
0.0156472 
0.0154743 
0.0152704 
0.0150951 
0.0149393 
0.0147256 
0.0145232 
0.014314 
0.0141047 
0.0139129 
0.0137422 
0.0135968 
0.0134634 
0.0133287 
0.0131598 
0.0130008 
0.0128704 
0.0127524 
0.0126411 
0.0125338 
0.0123956 
0.0122728 
0.0121634 
0.0120602 
0.0119607 
0.0118636 
0.0117683 
0.0116536 
0.0115399 
0.0114397 
0.0113453 
0.0112539 
0.011144 
0.0110278 
0.0109183 
0.0108018 
0.0106848 
0.0105615 
0.0104469 
0.0103384 
0.0102464 
0.0101618 
0.0100697 
0.00996215 
0.0098743 
0.00979472 
0.00971942 
0.00964663 
0.0095728 
0.00947248 
0.009392 
0.00928753 
0.00919424 
0.00911648 
0.00904584 
0.00897872 
0.00891406 
0.00885067 
0.00877153 
0.00869462 
0.008627 
0.00856345 
0.00849701 
0.00841133 
0.00834245 
0.00828027 
0.00820044 
0.00813298 
0.00805342 
0.00797837 
0.00791565 
0.00785819 
0.00780358 
0.00775077 
0.00769906 
0.00764848 
0.00759103 
0.00752682 
0.00747212 
0.00740943 
0.00734279 
0.00728759 
0.00723713 
0.00718908 
0.0071343 
0.00706384 
0.00700848 
0.00695907 
0.00691278 
0.00686808 
0.00682442 
0.00678167 
0.00673954 
0.00668838 
0.00663705 
0.00659179 
0.00654901 
0.00650734 
0.0064664 
0.00642154 
0.00636675 
0.00632215 
0.00628124 
0.00624187 
0.0061945 
0.00614538 
0.00610368 
0.00606499 
0.00601604 
0.00597293 
0.00593489 
0.00589925 
0.0058649 
0.00583139 
0.00579851 
0.00576607 
0.00573393 
0.0057021 
0.00565617 
0.00561092 
0.00557392 
0.00554042 
0.00550863 
0.00547788 
0.00544522 
0.00540097 
0.0053656 
0.00533387 
0.00530387 
0.00527487 
0.00524655 
0.00521868 
0.00519123 
0.00516407 
0.00513715 
0.00511049 
0.00508393 
0.00505145 
0.00501233 
0.00498101 
0.00495293 
0.00492623 
0.00490038 
0.00487527 
0.00485047 
0.00482588 
0.00480176 
0.00477781 
0.00475409 
0.0047306 
0.0047073 
0.00468422 
0.00465323 
0.00462032 
0.00459315 
0.00456818 
0.00454433 
0.00450524 
0.00447434 
0.00444827 
0.00442416 
0.00440137 
0.00437918 
0.00435749 
0.00433612 
0.00431504 
0.00429425 
0.00427359 
0.00425318 
0.00422403 
0.00419483 
0.00417084 
0.004149 
0.00412809 
0.00410782 
0.00408168 
0.00405037 
0.00402576 
0.0040041 
0.00398368 
0.00396409 
0.00394499 
0.00392615 
0.00390767 
0.00388936 
0.00387127 
0.00385334 
0.00383047 
0.00380026 
0.00377725 
0.003757 
0.00373805 
0.00371977 
0.00370197 
0.00368456 
0.00366335 
0.00363751 
0.00361681 
0.00359829 
0.00358055 
0.00356329 
0.0035464 
0.00352981 
0.00351347 
0.00349717 
0.00348104 
0.00346502 
0.00344476 
0.00342098 
0.00340203 
0.00338506 
0.00336918 
0.00335356 
0.0033381 
0.00332301 
0.00330822 
0.00329356 
0.00327897 
0.00325629 
0.00323538 
0.00321796 
0.00320221 
0.00318723 
0.00317281 
0.00315854 
0.00314463 
0.00313089 
0.00311726 
0.0031038 
0.00309045 
0.00307727 
0.0030642 
0.00305125 
0.00303838 
0.00302568 
0.0030129 
0.00300024 
0.00298773 
0.00297529 
0.00296301 
0.00295074 
0.00293857 
0.0029265 
0.00291462 
0.00290264 
0.00289086 
0.00287911 
0.00286313 
0.00284818 
0.00283506 
0.00282261 
0.00281048 
0.00279241 
0.002777 
0.00276382 
0.00275164 
0.00273977 
0.00272823 
0.00271695 
0.00270608 
0.00269485 
0.00268393 
0.00267309 
0.00266241 
0.00265176 
0.00264122 
0.00263072 
0.00262035 
0.00260999 
0.00259977 
0.00258959 
0.00257945 
0.00256942 
0.00255955 
0.00254946 
0.00253966 
0.00252974 
0.00251242 
0.00249876 
0.00248719 
0.00247647 
0.00246628 
0.00245638 
0.00244655 
0.00243412 
0.00241965 
0.0024081 
0.00239754 
0.00238757 
0.00237785 
0.00236845 
0.00235905 
0.00234959 
0.00234057 
0.00233138 
0.00232242 
0.00231347 
0.00230446 
0.0022956 
0.00228682 
0.00227809 
0.00226942 
0.00226085 
0.00225221 
0.00224349 
0.00223507 
0.00222651 
0.00221664 
0.00219926 
0.00218692 
0.00217667 
0.00216738 
0.00215866 
0.00215008 
0.00214167 
0.00213347 
0.00212529 
0.0021172 
0.00210928 
0.00210132 
0.00209347 
0.00208567 
0.00207797 
0.00207027 
0.00206257 
0.00205497 
0.00204741 
0.00203989 
0.0020325 
0.00202509 
0.00201755 
0.00200433 
0.00199467 
0.00198616 
0.00197817 
0.00197047 
0.00196309 
0.00195573 
0.00194838 
0.00193889 
0.00192521 
0.00191514 
0.00190645 
0.00189857 
0.0018911 
0.0018836 
0.00187633 
0.00186931 
0.00185892 
0.00185038 
0.00184254 
0.0018352 
0.0018282 
0.00182128 
0.00181452 
0.00180796 
0.00180125 
0.00179447 
0.00178582 
0.00177508 
0.00176692 
0.00175967 
0.0017527 
0.0017462 
0.00173963 
0.00173325 
0.00172692 
0.00172068 
0.00171451 
0.00170855 
0.00170249 
0.00169648 
0.00169068 
0.00168469 
0.00167862 
0.00167271 
0.00166689 
0.00166117 
0.00165551 
0.00164975 
0.00164404 
0.00163838 
0.0016328 
0.0016272 
0.00162175 
0.00161656 
0.00161124 
0.00160532 
0.00159994 
0.00159436 
0.00158905 
0.00158367 
0.00157838 
0.00157304 
0.00156798 
0.00156264 
0.00155732 
0.00155213 
0.001547 
0.00154186 
0.001537 
0.0015319 
0.00152675 
0.00152162 
0.00151657 
0.00151162 
0.00150677 
0.00150188 
0.00149697 
0.00149203 
0.00148709 
0.00148232 
0.00147752 
0.00147263 
0.00146787 
0.00146316 
0.0014584 
0.00145368 
0.00144913 
0.00144442 
0.00143968 
0.00143505 
0.00143064 
0.00142592 
0.00142136 
0.00141682 
0.00141236 
0.00140794 
0.00140203 
0.00139334 
0.00138712 
0.00138185 
0.00137694 
0.00137221 
0.00136759 
0.00136336 
0.00135896 
0.00135423 
0.00134985 
0.00134546 
0.00134123 
0.00133696 
0.00133284 
0.00132883 
0.00132474 
0.00132043 
0.00131606 
0.00131182 
0.00130765 
0.00130365 
0.00129942 
0.00129494 
0.00128806 
0.00128263 
0.00127799 
0.00127367 
0.00126936 
0.00126515 
0.00126109 
0.00125703 
0.00125301 
0.00124907 
0.00124509 
0.00124119 
0.00123717 
0.00123341 
0.00122943 
0.00122558 
0.00122171 
0.00121788 
0.0012142 
0.00121037 
0.00120669 
0.00120314 
0.00119915 
0.00119543 
0.00119178 
0.00118817 
0.00118455 
0.00118149 
0.00117735 
0.00117324 
0.00116967 
0.00116602 
0.00116243 
0.00115883 
0.00115524 
0.00115201 
0.00114838 
0.00114468 
0.00114121 
0.00113779 
0.00113418 
0.00112909 
0.00112337 
0.00111883 
0.00111487 
0.0011112 
0.0011077 
0.00110422 
0.00110076 
0.00109728 
0.00109391 
0.00109056 
0.00108721 
0.00108395 
0.00108069 
0.00107738 
0.0010741 
0.00107086 
0.00106765 
0.00106451 
0.00106149 
0.00105832 
0.00105524 
0.00105243 
0.00104886 
0.00104565 
0.0010426 
0.00103944 
0.00103637 
0.00103334 
0.00103032 
0.00102727 
0.00102419 
0.00102137 
0.00101838 
0.00101546 
0.0010124 
0.00100936 
0.00100641 
0.00100349 
0.00100053 
0.000997591 
0.000994651 
0.0009918 
0.000988857 
0.000986077 
0.000983333 
0.000980388 
0.000977513 
0.000974686 
0.000971869 
0.000969077 
0.000966302 
0.000963511 
0.000960611 
0.000957786 
0.00095504 
0.000951246 
0.00094538 
0.00094139 
0.000937804 
0.000934634 
0.000931738 
0.000928981 
0.000925962 
0.00092315 
0.000920437 
0.000917764 
0.000915128 
0.000912474 
0.000909645 
0.00090701 
0.000904384 
0.000901808 
0.000899241 
0.000896641 
0.000894184 
0.000891582 
0.000889064 
0.000886399 
0.000884037 
0.000881422 
0.000879185 
0.00087716 
0.000874271 
0.000871571 
0.000869006 
0.000866558 
0.000864056 
0.000861556 
0.000859167 
0.000856748 
0.000854391 
0.000852 
0.000849487 
0.000847208 
0.000845068 
0.000842474 
0.00084017 
0.000837895 
0.000835622 
0.000833293 
0.000831001 
0.000829472 
0.000826978 
0.000824088 
0.000821613 
0.000819552 
0.000817296 
0.000815062 
0.000812793 
0.000810448 
0.00080817 
0.000805968 
0.00080412 
0.000802217 
0.000800197 
0.000797517 
0.000795097 
0.000792854 
0.000790745 
0.000788638 
0.000786509 
0.000784431 
0.000782533 
0.000780029 
0.000778876 
0.000777363 
0.000774282 
0.000771728 
0.000769709 
0.000767595 
0.000765635 
0.000764419 
0.00076194 
0.000759953 
0.000757838 
0.000755808 
0.000753906 
0.000751413 
0.00074933 
0.000747678 
0.000745508 
0.000743407 
0.000741381 
0.000739666 
0.000737629 
0.000735552 
0.000733676 
0.000731695 
0.000729671 
0.000727807 
0.00072591 
0.000722612 
0.000719923 
0.000717786 
0.000715421 
0.000713532 
0.000711655 
0.000709497 
0.000707532 
0.000705887 
0.000704055 
0.000702052 
0.000700093 
0.000698027 
0.000696228 
0.000694383 
0.000692435 
0.000690647 
0.000688877 
0.000687015 
0.000685179 
0.000683374 
0.000681701 
0.000679922 
0.00067798 
0.000676158 
0.000674546 
0.000672751 
0.000671 
0.00066948 
0.000667533 
0.000665742 
0.000663989 
0.000662217 
0.000660513 
0.000658709 
0.000657056 
0.000655376 
0.000653745 
0.000652358 
0.000650476 
0.000648739 
0.000647278 
0.000645509 
0.000644059 
0.0006419 
0.000640241 
0.000638592 
0.000637082 
0.000635474 
0.000633738 
0.000632151 
0.000629424 
0.00062714 
0.000625729 
0.000623956 
0.000622429 
0.000620316 
0.00061848 
0.000617027 
0.000615441 
0.000614013 
0.000612057 
0.000610404 
0.000608809 
0.000607447 
0.000606398 
0.00060428 
0.000602537 
0.000600938 
0.00059954 
0.000597996 
0.000596796 
0.000595277 
0.000594165 
0.000592078 
0.00059035 
0.000589014 
0.000587617 
0.000586008 
0.000584346 
0.0005828 
0.000581726 
0.000580205 
0.000578697 
0.000577344 
0.000575574 
0.000573969 
0.000572653 
0.000571269 
0.000569853 
0.000568538 
0.00056684 
0.00056564 
0.000565137 
0.000562912 
0.000561164 
0.000559702 
0.000558558 
0.000557359 
0.000556129 
0.000554573 
0.000553093 
0.000551629 
0.000550177 
0.000548823 
0.000547709 
0.000546486 
0.000545409 
0.000543779 
0.000541991 
0.000540668 
0.000539576 
0.000538097 
0.000536628 
0.000535456 
0.000534581 
0.000533096 
0.000531443 
0.000530125 
0.000528725 
0.00052742 
0.000526032 
0.000524743 
0.000523566 
0.000522259 
0.000521024 
0.000519719 
0.000518306 
0.00051716 
0.0005158 
0.000514554 
0.00051336 
0.000512244 
0.000510864 
0.000509586 
0.000508704 
0.000507975 
0.000506505 
0.000504968 
0.000503422 
0.000502097 
0.0005009 
0.000499752 
0.00049762 
0.000496142 
0.000494464 
0.000493621 
0.000492326 
0.00049048 
0.000489222 
0.000488261 
0.00048715 
0.00048569 
0.000484511 
0.000483427 
0.000482236 
0.000481443 
0.000479659 
0.00047947 
0.000478214 
0.000476377 
0.000475393 
0.000474633 
0.000473417 
0.000472069 
0.000471009 
0.00046975 
0.000468282 
0.0004671 
0.000466898 
0.000466249 
0.000463673 
0.000462917 
0.000461749 
0.000460289 
0.000459126 
0.000458132 
0.000457355 
0.00045619 
0.000454999 
0.000454215 
0.000453291 
0.000451905 
0.000450993 
0.000450754 
0.000448813 
0.000447621 
0.000446541 
0.000445312 
0.000444461 
0.000443278 
0.000442807 
0.000442845 
0.000440083 
0.00043906 
0.000438109 
0.000437537 
0.000436142 
0.000435081 
0.000434194 
0.000433057 
0.000431747 
0.000431004 
0.000430153 
0.000429147 
0.000428527 
0.000428582 
0.000426526 
0.000425189 
0.000424473 
0.000423373 
0.000421905 
0.000421033 
0.000419965 
0.000419346 
0.000418294 
0.00041712 
0.000416177 
0.000415223 
0.000414189 
0.000413307 
0.000412282 
0.000411897 
0.000411111 
0.000409749 
0.000408488 
0.0004075 
0.000406433 
0.000405548 
0.000404638 
0.000404039 
0.000402878 
0.000402047 
0.000400967 
0.000400634 
