9.26574 
5.51573 
3.26994 
2.85777 
2.14071 
1.84232 
1.74864 
1.55702 
1.40745 
1.31996 
1.22995 
1.15796 
1.10676 
0.972266 
0.897732 
0.84623 
0.771779 
0.752534 
0.682747 
0.65547 
0.622869 
0.594062 
0.55858 
0.538965 
0.520242 
0.478852 
0.458638 
0.442571 
0.438534 
0.41786 
0.394197 
0.376913 
0.362037 
0.351991 
0.340832 
0.327353 
0.322022 
0.3029 
0.295598 
0.28625 
0.280134 
0.252626 
0.251468 
0.249355 
0.247049 
0.237185 
0.228991 
0.218672 
0.213156 
0.206055 
0.199398 
0.195886 
0.19258 
0.189588 
0.180169 
0.170656 
0.164804 
0.161266 
0.157445 
0.155987 
0.152124 
0.150426 
0.148729 
0.144609 
0.144205 
0.141616 
0.137067 
0.134287 
0.131672 
0.128317 
0.12626 
0.123264 
0.122177 
0.121267 
0.1191 
0.118357 
0.114805 
0.113424 
0.108944 
0.107478 
0.10652 
0.104592 
0.101201 
0.100812 
0.0992471 
0.0988303 
0.0982588 
0.0963347 
0.0945112 
0.0929831 
0.0915978 
0.0908559 
0.0892354 
0.0877339 
0.0863016 
0.0839165 
0.0827193 
0.0814751 
0.0809818 
0.079953 
0.0793417 
0.0790738 
0.0777968 
0.0768556 
0.0758604 
0.0745534 
0.0734276 
0.0717501 
0.0711465 
0.0703761 
0.069046 
0.0674552 
0.0671058 
0.0663774 
0.0661786 
0.0649301 
0.0644618 
0.0636952 
0.0629101 
0.0616433 
0.0610924 
0.0602594 
0.0591111 
0.0586869 
0.0579623 
0.0577047 
0.0561083 
0.0554311 
0.0540123 
0.0530166 
0.0529021 
0.0518098 
0.0510193 
0.0506546 
0.0500841 
0.0491355 
0.0479632 
0.047486 
0.0474561 
0.047019 
0.0467353 
0.0465441 
0.0456085 
0.0446906 
0.044453 
0.0437823 
0.0433997 
0.0429476 
0.0422068 
0.0420627 
0.0410877 
0.0409438 
0.0407291 
0.0404612 
0.0394123 
0.0393811 
0.0387833 
0.0382759 
0.0375954 
0.0371369 
0.0366519 
0.0359817 
0.0358826 
0.035645 
0.0348916 
0.0346792 
0.0339968 
0.0338903 
0.0333866 
0.0330744 
0.032713 
0.0326216 
0.0324766 
0.0319375 
0.0317364 
0.0314005 
0.0307852 
0.0305551 
0.0301332 
0.0295817 
0.0293254 
0.0291569 
0.0287033 
0.0284557 
0.027686 
0.0275217 
0.0273574 
0.0270182 
0.0267903 
0.0262043 
0.0258703 
0.0255687 
0.0247973 
0.0245541 
0.024174 
0.0239493 
0.023664 
0.0235029 
0.0229564 
0.0227028 
0.0225708 
0.0221407 
0.0218694 
0.0217286 
0.021628 
0.0212655 
0.0210543 
0.0209786 
0.0207849 
0.0204231 
0.0197769 
0.0194723 
0.0191951 
0.0191285 
0.0186788 
0.0179837 
0.0177952 
0.0176557 
0.017524 
0.0174343 
0.0167637 
0.0164611 
0.0160657 
0.0159013 
0.0156549 
0.0151732 
0.0148507 
0.014504 
0.0143651 
0.0142013 
0.0136596 
0.0135963 
0.0132398 
0.0128552 
0.0126797 
0.0126163 
0.0121949 
0.0118772 
0.0116491 
0.0112385 
0.0108112 
0.0106433 
0.010456 
0.0101727 
0.00989753 
0.00916277 
0.00895678 
0.00875452 
0.00872762 
0.00847539 
0.00802332 
0.00752299 
0.00721682 
0.00704025 
0.00656681 
0.00591186 
0.00136535 
