2.33276 
1.48437 
0.938568 
0.850444 
0.778083 
0.760734 
0.733941 
0.716075 
0.696003 
0.690033 
0.678422 
0.670347 
0.650542 
0.642858 
0.62802 
0.618805 
0.595056 
0.590943 
0.563512 
0.543476 
0.541319 
0.534051 
0.525108 
0.520344 
0.516553 
0.511555 
0.509477 
0.497229 
0.495867 
0.491519 
0.485439 
0.48388 
0.479798 
0.476664 
0.475511 
0.47231 
0.470054 
0.466138 
0.463994 
0.46066 
0.459089 
0.453555 
0.451756 
0.448138 
0.446859 
0.445616 
0.443691 
0.439517 
0.435331 
0.433918 
0.432406 
0.426815 
0.426145 
0.425144 
0.421467 
0.420478 
0.41866 
0.416749 
0.41585 
0.411727 
0.408871 
0.408172 
0.406203 
0.404485 
0.402436 
0.401082 
0.398639 
0.397958 
0.39512 
0.393576 
0.392872 
0.391441 
0.388553 
0.387333 
0.386005 
0.385144 
0.384126 
0.381784 
0.380932 
0.378721 
0.376049 
0.374778 
0.373955 
0.372003 
0.371963 
0.370678 
0.367303 
0.366739 
0.365533 
0.363451 
0.362703 
0.361217 
0.360806 
0.359192 
0.35825 
0.356385 
0.355009 
0.351681 
0.35108 
0.34938 
0.349312 
0.348136 
0.346681 
0.345091 
0.344163 
0.343902 
0.342418 
0.341043 
0.339254 
0.338751 
0.337923 
0.336721 
0.33593 
0.333898 
0.333232 
0.332118 
0.330853 
0.32982 
0.327952 
0.327523 
0.325708 
0.323733 
0.321383 
0.321089 
0.320213 
0.318772 
0.316674 
0.316562 
0.314872 
0.31362 
0.313257 
0.312462 
0.31112 
0.308646 
0.30776 
0.306598 
0.305135 
0.304439 
0.303696 
0.303313 
0.302108 
0.300439 
0.299562 
0.298603 
0.296482 
0.296289 
0.296062 
0.29451 
0.293404 
0.292427 
0.292109 
0.289719 
0.289638 
0.289208 
0.287956 
0.286502 
0.285091 
0.284257 
0.283198 
0.280629 
0.28013 
0.278722 
0.27789 
0.277207 
0.276538 
0.275929 
0.27505 
0.273127 
0.271409 
0.2711 
0.269195 
0.26836 
0.267484 
0.265911 
0.264607 
0.264159 
0.263907 
0.262822 
0.262249 
0.260273 
0.259731 
0.257925 
0.256131 
0.255362 
0.254874 
0.253655 
0.252365 
0.251419 
0.250819 
0.248688 
0.247639 
0.245746 
0.245479 
0.244505 
0.243861 
0.242301 
0.241634 
0.240787 
0.238423 
0.236804 
0.235695 
0.23431 
0.233708 
0.232971 
0.232124 
0.230499 
0.228588 
0.22735 
0.226654 
0.22524 
0.223199 
0.221073 
0.219384 
0.218039 
0.216264 
0.214733 
0.212642 
0.211457 
0.209715 
0.207273 
0.205581 
0.203622 
0.201226 
0.200201 
0.198401 
0.197519 
0.195404 
0.191178 
0.187588 
0.185681 
0.183516 
0.182426 
0.177184 
0.174489 
0.16894 
0.165514 
0.162743 
0.162405 
0.157429 
0.153798 
0.152907 
0.148942 
0.146706 
0.13424 
0.122443 
0.121395 
0.115683 
0.112714 
0.1096 
0.108404 
0.101684 
0.0952649 
0.0897215 
0.0873196 
0.0784471 
0.0688886 
0.0443323 
