8.73244 
4.30292 
2.48941 
2.18725 
1.55116 
1.26638 
1.1794 
1.00547 
0.96595 
0.855257 
0.801346 
0.769097 
0.679183 
0.580484 
0.563521 
0.533288 
0.494135 
0.4507 
0.424635 
0.420426 
0.410295 
0.367016 
0.356002 
0.34427 
0.336079 
0.32752 
0.317394 
0.303039 
0.293805 
0.286073 
0.27502 
0.272559 
0.266388 
0.261079 
0.25954 
0.252849 
0.242917 
0.235524 
0.228615 
0.225843 
0.219775 
0.21906 
0.215785 
0.209091 
0.206352 
0.199126 
0.193836 
0.192663 
0.186383 
0.182697 
0.180788 
0.176255 
0.17312 
0.171824 
0.168276 
0.163403 
0.15944 
0.159013 
0.152501 
0.147886 
0.144821 
0.142639 
0.140116 
0.139276 
0.135259 
0.131435 
0.130586 
0.126503 
0.124647 
0.124138 
0.123914 
0.121412 
0.119692 
0.118718 
0.116119 
0.115869 
0.113205 
0.110624 
0.108618 
0.108033 
0.107388 
0.102116 
0.0996647 
0.0981838 
0.0968445 
0.0960955 
0.0952589 
0.0932823 
0.0919244 
0.091478 
0.089675 
0.087268 
0.0861763 
0.0852303 
0.0848676 
0.0824457 
0.0811532 
0.0799113 
0.079309 
0.0781771 
0.0757502 
0.0745622 
0.0739713 
0.0729813 
0.0720756 
0.0709491 
0.0708919 
0.0694626 
0.0685472 
0.0676693 
0.0667704 
0.0652302 
0.0645287 
0.0633562 
0.0631151 
0.0611966 
0.0607117 
0.0598926 
0.0595419 
0.0588854 
0.0579323 
0.0564408 
0.0553189 
0.0550266 
0.0541859 
0.0538268 
0.0520671 
0.0514702 
0.050205 
0.0497188 
0.0485954 
0.0476374 
0.0466501 
0.0463733 
0.0458591 
0.0451702 
0.0449979 
0.043966 
0.0433589 
0.0426759 
0.0423941 
0.0414032 
0.0402458 
0.0398695 
0.0394241 
0.0387832 
0.0379147 
0.03764 
0.0369028 
0.0363681 
0.0348814 
0.0343391 
0.0342276 
0.0335261 
0.0330057 
0.0323148 
0.0319327 
0.0312184 
0.030339 
0.0300072 
0.0290175 
0.0287304 
0.0284378 
0.0276672 
0.0267115 
0.0262138 
0.0258422 
0.0249777 
0.024805 
0.0236386 
0.0232065 
0.0230301 
0.0227253 
0.0221941 
0.0215703 
0.020908 
0.0208111 
0.0196495 
0.0195241 
0.0189904 
0.0185517 
0.0176633 
0.0173046 
0.0167977 
0.0159465 
0.0153194 
0.015051 
0.0138169 
0.0132894 
0.0130582 
0.0125465 
0.012093 
0.0118961 
0.0115427 
0.0111216 
0.0110882 
0.0102175 
0.0100677 
0.00914405 
0.00867332 
0.00801089 
0.00738865 
0.00707393 
0.00667905 
0.00632378 
0.00624654 
0.00565809 
0.00507056 
0.00477061 
0.00451022 
0.00393417 
0.00366999 
0.00320885 
0.00271195 
0.00173675 
0.00143584 
0.000909381 
9.93931e-07 
7.23089e-07 
6.0782e-07 
5.39313e-07 
4.57909e-07 
4.01952e-07 
3.59622e-07 
2.42763e-07 
2.08711e-07 
1.96857e-07 
1.94451e-07 
1.81133e-07 
1.70788e-07 
1.65019e-07 
1.54658e-07 
1.52547e-07 
1.4483e-07 
1.4328e-07 
1.41153e-07 
1.39136e-07 
1.37848e-07 
1.36169e-07 
1.33914e-07 
1.33415e-07 
1.31786e-07 
1.30583e-07 
1.28774e-07 
1.28154e-07 
1.2755e-07 
1.25705e-07 
1.23311e-07 
1.22383e-07 
1.21054e-07 
1.19036e-07 
1.18252e-07 
1.178e-07 
1.16418e-07 
1.15148e-07 
1.11583e-07 
1.08512e-07 
