1.99869 
6.38136 
9.97677 
13.9845 
17.9733 
21.8809 
25.1864 
27.5154 
29.2322 
31.0079 
32.6713 
33.907 
34.9375 
35.8326 
36.6668 
37.5563 
38.1643 
38.6823 
39.2132 
39.6853 
40.1714 
40.5731 
40.8859 
41.1868 
41.4702 
41.7248 
41.9736 
42.2279 
42.4714 
42.6758 
42.8743 
43.0523 
43.237 
43.4225 
43.5691 
43.7108 
43.8424 
43.983 
44.0922 
44.1917 
44.2942 
44.3968 
44.5355 
44.6233 
44.7296 
44.8088 
44.9076 
44.9982 
45.0668 
45.1417 
45.2146 
45.2802 
45.3497 
45.4133 
45.4981 
45.5697 
45.6475 
45.6979 
45.7546 
45.8212 
45.8727 
45.9156 
45.9778 
46.0213 
46.0551 
46.0992 
46.129 
46.1703 
46.2108 
46.2541 
46.2995 
46.3536 
46.386 
46.4263 
46.4687 
46.5019 
46.5376 
46.5754 
46.6047 
46.634 
46.6609 
46.6841 
46.7071 
46.7428 
46.7647 
46.7889 
46.8237 
46.8506 
46.8666 
46.8848 
46.9053 
46.9334 
46.9468 
46.9653 
46.9772 
46.9942 
47.0111 
47.0335 
47.0515 
47.0643 
47.0892 
47.1049 
47.117 
47.1284 
47.1502 
47.1622 
47.1758 
47.1886 
47.1976 
47.2197 
47.232 
47.2495 
47.2561 
47.2651 
47.2771 
47.2894 
47.2976 
47.31 
47.3181 
47.3333 
47.337 
47.347 
47.3634 
47.3669 
47.3778 
47.3898 
47.4012 
47.4134 
47.4272 
47.4375 
47.4424 
47.454 
47.4536 
47.4641 
47.4728 
47.4809 
47.4865 
47.4946 
47.4943 
47.5002 
47.5088 
47.5169 
47.5188 
47.523 
47.5266 
47.5305 
47.536 
47.5429 
47.5464 
47.5511 
47.5551 
47.5583 
47.566 
47.5711 
47.5763 
47.5849 
47.588 
47.5969 
47.6006 
47.6087 
47.6087 
47.6146 
47.6182 
47.6256 
47.6269 
47.6309 
47.6325 
47.6368 
47.6395 
47.646 
47.6501 
47.6538 
47.6588 
47.6613 
47.6659 
47.668 
47.6671 
47.6728 
47.6764 
47.6803 
47.6819 
47.6836 
47.6898 
47.6927 
47.6961 
47.6973 
47.701 
47.7065 
47.7106 
47.712 
47.7172 
47.7147 
47.7203 
47.72 
47.7236 
47.7228 
47.7305 
47.7286 
47.7351 
47.7347 
47.7401 
47.742 
47.7442 
47.7443 
47.7486 
47.7502 
47.7543 
47.7555 
47.7538 
47.7587 
47.7612 
47.7601 
47.7643 
47.7625 
47.7687 
47.7689 
47.7723 
47.7719 
47.7731 
47.7761 
47.778 
47.7779 
47.7853 
47.7816 
47.7864 
47.7869 
47.7889 
47.792 
47.7918 
47.7944 
47.7971 
47.7958 
47.7986 
47.8003 
47.7994 
47.8016 
47.8022 
47.8026 
47.806 
47.8099 
47.8073 
47.8129 
47.8101 
47.8126 
47.8108 
47.8199 
47.8155 
47.8201 
47.8184 
47.8203 
47.8218 
47.8204 
47.824 
47.8211 
47.8271 
47.8235 
47.8261 
47.8279 
47.8296 
47.8315 
47.8309 
47.8327 
47.8338 
47.8321 
47.8372 
47.835 
47.835 
47.8371 
47.8395 
47.8378 
47.8383 
47.8416 
47.8396 
47.8449 
47.8434 
47.8453 
47.845 
47.8484 
47.8475 
47.8516 
47.8508 
47.8492 
47.8526 
47.853 
47.8524 
47.8542 
47.8537 
47.8543 
47.8586 
47.8543 
47.8606 
47.8602 
47.8593 
47.8613 
47.8609 
47.8614 
47.867 
47.8631 
47.8652 
47.8671 
47.8663 
47.8672 
47.8688 
47.8676 
47.8685 
47.8715 
47.8693 
47.872 
47.8723 
47.8751 
47.8731 
47.8746 
47.8741 
47.8758 
47.8759 
47.8782 
47.8798 
47.8783 
47.878 
47.8829 
47.8795 
47.8813 
47.8814 
47.8846 
47.8813 
47.8824 
47.885 
47.8825 
47.8869 
47.8864 
47.8886 
47.8834 
47.8917 
47.8871 
47.8888 
47.8906 
47.8885 
47.8905 
47.8904 
47.8919 
47.8919 
47.8936 
47.8944 
47.8935 
47.8948 
47.8955 
47.8935 
47.896 
47.8963 
47.8962 
47.8953 
47.8985 
47.895 
47.9 
47.895 
47.9004 
47.8983 
47.8983 
47.9003 
47.8986 
47.9008 
47.8998 
47.8999 
47.9034 
47.9008 
47.901 
47.9022 
47.9019 
47.9043 
47.9031 
47.9043 
47.9039 
47.9067 
47.9065 
47.9053 
47.9087 
47.9061 
47.9084 
47.9093 
47.9048 
47.9094 
47.9093 
47.9087 
47.9099 
47.9099 
47.9094 
47.9093 
47.9102 
47.911 
47.9107 
47.9106 
47.9123 
47.9103 
47.9152 
47.9119 
47.9107 
47.9131 
47.9151 
47.9118 
47.9152 
47.9161 
47.9136 
47.9171 
47.9149 
47.9161 
47.9171 
47.9168 
47.919 
47.9163 
47.9201 
47.9154 
47.9216 
47.9196 
47.9167 
47.9209 
47.9176 
47.9222 
47.9191 
47.9197 
47.9215 
47.9195 
47.9224 
47.9189 
47.9235 
47.9216 
47.9197 
47.9245 
47.9231 
47.9243 
47.9225 
47.9249 
47.9242 
47.9231 
47.9245 
47.9262 
47.9263 
47.9257 
47.9256 
47.9245 
47.926 
47.9268 
47.9267 
47.9261 
47.9279 
47.9273 
47.9264 
47.9282 
47.927 
47.93 
47.9259 
47.9281 
47.9293 
47.9291 
47.9306 
47.9304 
47.93 
47.9283 
47.9319 
47.9296 
47.9313 
47.9333 
47.9301 
47.9318 
47.9345 
47.9305 
47.9341 
47.9325 
47.9332 
47.9337 
47.9337 
47.9352 
47.9338 
47.9358 
47.9343 
47.9372 
47.932 
47.9381 
47.934 
47.936 
47.9358 
47.9381 
47.9351 
47.9387 
47.9346 
47.939 
47.9371 
47.9375 
47.9386 
47.9388 
47.9363 
47.9393 
47.9373 
47.9415 
47.9364 
47.9394 
47.9386 
47.9395 
47.94 
47.9374 
47.9407 
47.9387 
47.9392 
47.9409 
47.9398 
47.9383 
47.9436 
47.9362 
47.9416 
47.9428 
47.9411 
47.9394 
47.9417 
47.9399 
47.9407 
47.9438 
47.9398 
47.9414 
47.9417 
47.942 
47.9426 
47.9393 
47.9444 
47.9407 
47.943 
47.942 
47.9422 
47.9442 
47.941 
47.9446 
47.9415 
47.9439 
47.942 
47.9446 
47.9434 
47.9436 
47.9424 
47.9443 
47.9438 
47.9455 
47.9423 
47.9448 
47.9448 
47.9423 
47.9453 
47.9441 
47.9454 
47.9459 
47.9428 
47.9468 
47.9439 
47.9457 
47.9447 
47.9475 
47.945 
47.9463 
47.9489 
47.9433 
47.9477 
47.9469 
47.9468 
47.9468 
47.9459 
47.9493 
47.9438 
47.9508 
47.9443 
47.949 
47.946 
47.9469 
47.9492 
47.9472 
47.9472 
47.9495 
47.9483 
47.9485 
47.9495 
47.9483 
47.9492 
47.9482 
47.949 
47.9484 
47.9503 
47.9496 
47.9483 
47.95 
47.9507 
47.9491 
47.9489 
47.9489 
47.9499 
47.9499 
47.9502 
47.9514 
47.9476 
47.9515 
47.952 
47.9484 
47.9529 
47.9477 
47.9553 
47.9477 
47.9498 
47.9524 
47.9506 
47.9517 
47.9522 
47.9508 
47.9488 
47.9537 
47.9497 
47.9536 
47.9491 
47.9531 
47.951 
47.9529 
47.952 
47.9528 
47.9532 
47.951 
47.9545 
47.9515 
47.9533 
47.9525 
47.9536 
47.9534 
47.9532 
47.9526 
47.9533 
47.953 
47.9534 
47.9541 
47.9527 
47.9545 
47.9519 
47.9556 
47.9505 
47.9558 
47.9549 
47.9531 
47.9539 
47.9542 
47.9542 
47.9549 
47.9536 
47.9544 
47.9531 
47.9561 
47.9526 
47.9561 
47.9544 
47.9552 
47.9548 
47.9546 
47.9551 
47.9553 
47.954 
47.9548 
47.9562 
47.9536 
47.9559 
47.9546 
47.9562 
47.9544 
47.9561 
47.9553 
47.9561 
47.9553 
47.9557 
47.9552 
47.9568 
47.9569 
47.9549 
47.9576 
47.9559 
47.9572 
47.9548 
47.9578 
47.9574 
47.9567 
47.9568 
47.9554 
47.9584 
47.9573 
47.9567 
47.9574 
47.9566 
47.9576 
47.9564 
47.9592 
47.956 
47.9584 
47.9572 
47.956 
47.9589 
47.9552 
47.9612 
47.9554 
47.9588 
47.9567 
47.9591 
47.9573 
47.958 
47.9586 
47.958 
47.9592 
47.9574 
47.9583 
47.9595 
47.9563 
47.9586 
47.9594 
47.9572 
47.96 
47.96 
47.9572 
47.9548 
47.962 
47.9576 
47.9579 
47.96 
47.9574 
47.9604 
47.9577 
47.9589 
47.9589 
47.9588 
47.9614 
47.9562 
47.9626 
47.9574 
47.9601 
47.9594 
47.9594 
47.9594 
47.9603 
47.9587 
47.9577 
47.9592 
47.9633 
47.9549 
47.9624 
47.9596 
47.959 
47.9596 
47.9587 
47.9633 
47.9571 
47.9629 
47.9572 
47.9628 
47.9572 
47.9607 
47.9598 
47.9619 
47.9595 
47.9597 
47.9599 
47.9618 
47.9589 
47.9614 
47.9593 
47.9612 
47.9612 
47.9596 
47.9618 
47.9599 
47.9596 
47.9626 
47.9604 
47.9628 
47.959 
47.9627 
47.9597 
47.9634 
47.9587 
47.9633 
47.9593 
47.9622 
47.9627 
47.96 
47.9617 
47.9605 
47.9631 
47.9615 
47.9613 
47.9607 
47.9623 
47.9612 
47.9615 
47.962 
47.9634 
47.9605 
47.9632 
47.9598 
47.9633 
47.9607 
47.9632 
47.961 
47.9624 
47.9623 
47.9613 
47.9629 
47.9631 
47.96 
47.9637 
47.9609 
47.9642 
47.9635 
47.9599 
47.9625 
47.9627 
47.9626 
47.9623 
47.9625 
47.9625 
47.963 
47.9631 
47.9632 
47.9607 
47.9652 
47.9603 
47.9645 
47.9628 
47.9644 
47.9613 
47.9648 
47.9626 
47.9627 
47.9633 
47.962 
47.9662 
47.9617 
47.9639 
47.9635 
47.9636 
47.9637 
47.9615 
47.9653 
47.9606 
47.9654 
47.9622 
47.9648 
47.9619 
47.9653 
47.9636 
47.963 
47.9656 
47.9623 
47.9623 
47.9656 
47.9637 
47.9639 
47.9644 
47.9629 
47.9646 
47.9626 
47.9641 
47.9625 
47.9675 
47.9622 
47.9647 
47.9643 
47.9628 
47.9661 
47.9617 
47.9663 
47.9627 
47.9657 
47.9638 
47.9653 
47.9623 
47.9669 
47.9616 
47.9667 
47.9632 
47.9653 
47.9637 
47.9652 
47.9642 
47.9632 
47.967 
47.963 
47.9651 
47.9643 
47.9642 
47.9654 
47.9648 
47.9643 
47.9658 
47.9641 
47.9637 
47.9662 
47.9651 
47.9634 
47.9652 
47.9654 
47.9658 
47.9635 
47.9658 
47.9643 
47.9668 
47.9622 
47.9676 
47.9631 
47.9661 
47.9646 
47.9662 
47.9649 
47.9663 
47.9637 
47.9656 
47.9673 
47.9634 
47.9656 
47.9654 
47.9668 
47.964 
47.9654 
47.9653 
47.9661 
47.965 
47.9678 
47.9657 
47.9629 
47.9685 
47.9649 
47.9673 
47.9632 
47.9681 
47.9639 
47.9678 
47.9641 
47.9668 
47.965 
47.9691 
47.9626 
47.9665 
47.9669 
47.9657 
47.9657 
47.9661 
47.9653 
47.9675 
47.9653 
47.9653 
47.9661 
47.9666 
47.9661 
47.9651 
47.9688 
47.965 
47.9674 
47.965 
47.9665 
47.9654 
47.9666 
47.9638 
47.9702 
47.9655 
47.9655 
47.9663 
47.9662 
47.9671 
47.9651 
47.968 
47.9657 
47.9665 
47.9678 
47.965 
47.9681 
47.9642 
47.97 
47.9647 
47.9678 
47.9644 
47.9687 
47.9662 
47.9659 
47.9668 
47.9685 
47.965 
47.9668 
47.9671 
47.9658 
47.968 
47.9656 
47.9665 
47.9687 
47.9643 
47.9684 
47.9669 
47.9676 
47.9666 
47.9664 
47.9671 
47.9661 
47.9672 
47.968 
47.9674 
47.9651 
