1 
0.995757 
0.96606 
0.938874 
0.901284 
0.866973 
0.835299 
0.79762 
0.753393 
0.706968 
0.664226 
0.622915 
0.584368 
0.547679 
0.512815 
0.481006 
0.451124 
0.422825 
0.397446 
0.374507 
0.353304 
0.334447 
0.317602 
0.301853 
0.287084 
0.273623 
0.261241 
0.249757 
0.239473 
0.229667 
0.220677 
0.212009 
0.203965 
0.196489 
0.189379 
0.182844 
0.176689 
0.170905 
0.165662 
0.160401 
0.155494 
0.150902 
0.146476 
0.142292 
0.138343 
0.134518 
0.130936 
0.127637 
0.124499 
0.121511 
0.118658 
0.115792 
0.112961 
0.110235 
0.107621 
0.105175 
0.102782 
0.100492 
0.0983373 
0.0962308 
0.0942324 
0.0922974 
0.0904824 
0.0887182 
0.0869473 
0.0852043 
0.0835516 
0.0819987 
0.080534 
0.0791475 
0.0778309 
0.0765384 
0.0752223 
0.0738878 
0.0726161 
0.0713902 
0.0702003 
0.0690756 
0.0680097 
0.0669966 
0.0660288 
0.0650837 
0.0640856 
0.0631372 
0.0622324 
0.0613496 
0.0604732 
0.0596376 
0.0588399 
0.0580347 
0.0572632 
0.0565249 
0.0558005 
0.055079 
0.0543873 
0.0537228 
0.0530833 
0.0524663 
0.0518704 
0.0512601 
0.0506732 
0.0501073 
0.0495422 
0.0489863 
0.0484507 
0.0479331 
0.0474191 
0.0469075 
0.046414 
0.0459372 
0.0454759 
0.0450284 
0.0445536 
0.0440953 
0.0436532 
0.0432252 
0.0428106 
0.0423915 
0.0419778 
0.0415765 
0.0411883 
0.0408109 
0.0404437 
0.0400863 
0.0397374 
0.0393968 
0.0390563 
0.0387056 
0.0383651 
0.038018 
0.0376718 
0.0373365 
0.037011 
0.0366942 
0.0363858 
0.0360796 
0.0357704 
0.0354693 
0.0351754 
0.0348706 
0.0345706 
0.0342787 
0.0339947 
0.0337177 
0.0334471 
0.0331823 
0.0329227 
0.0326683 
0.0324185 
0.032173 
0.0319115 
0.0316562 
0.0314063 
0.0311499 
0.0308928 
0.0306417 
0.0303896 
0.0301333 
0.0298841 
0.0296397 
0.029401 
0.0291661 
0.0289356 
0.0287088 
0.0284751 
0.0282386 
0.0280062 
0.027777 
0.027551 
0.0273283 
0.0271078 
0.0268897 
0.0266742 
0.0264604 
0.0262489 
0.02604 
0.0258334 
0.0256297 
0.0254073 
0.0251811 
0.024965 
0.0247582 
0.0245589 
0.0243668 
0.0241812 
0.0240011 
0.0238195 
0.023638 
0.0234589 
0.0232728 
0.0230928 
0.0229182 
0.0227485 
0.0225829 
0.0224214 
0.0222632 
0.0221082 
0.0219498 
0.0217887 
0.0216313 
0.021478 
0.0213278 
0.0211808 
0.021037 
0.0208958 
0.0207568 
0.0206205 
0.0204864 
0.0203547 
0.0202138 
0.0200752 
0.0199397 
0.0198071 
0.0196773 
0.0195463 
0.0194088 
0.0192752 
0.0191447 
0.0190173 
0.0188926 
0.0187641 
0.0186363 
0.018512 
0.0183902 
0.0182712 
0.0181548 
0.0180403 
0.0179281 
0.0178178 
0.0177091 
0.0176022 
0.0174972 
0.0173935 
0.0172915 
0.0171905 
0.0170912 
0.016993 
0.0168959 
0.0168001 
0.0167054 
0.0166118 
0.0165162 
0.0164169 
0.0163197 
0.0162242 
0.0161302 
0.016038 
0.0159469 
0.0158574 
0.015769 
0.015682 
0.0155958 
0.0155111 
0.0154271 
0.0153441 
0.0152622 
0.0151722 
0.015084 
0.0149976 
0.014913 
0.0148296 
0.0147478 
0.0146673 
0.0145881 
0.0145102 
0.014433 
0.0143571 
0.0142822 
0.014208 
0.0141348 
0.0140625 
0.0139912 
0.0139205 
0.0138504 
0.0137812 
0.0137128 
0.0136403 
0.0135687 
0.0134979 
0.0134284 
0.01336 
0.0132864 
0.013214 
0.0131427 
0.0130729 
0.0130047 
0.0129371 
0.0128706 
0.0128052 
0.0127407 
0.0126768 
0.012614 
0.0125518 
0.0124903 
0.0124299 
0.0123696 
0.0123101 
0.0122514 
0.0121931 
0.0121333 
0.0120721 
0.0120119 
0.0119526 
0.0118942 
0.0118367 
0.0117799 
0.0117239 
0.0116686 
0.0116138 
0.0115597 
0.0115061 
0.0114533 
0.0114007 
0.0113487 
0.0112974 
0.0112464 
0.0111959 
0.011146 
0.0110964 
0.0110472 
0.0109984 
0.0109501 
0.0109021 
0.0108546 
0.0108075 
0.0107608 
0.0107143 
0.0106683 
0.0106225 
0.0105772 
0.0105323 
0.0104876 
0.0104432 
0.0103993 
0.0103556 
0.0103121 
0.0102692 
0.0102264 
0.010184 
0.0101418 
0.0100971 
0.0100526 
0.0100088 
0.0099655 
0.0099228 
0.00988044 
0.00983877 
0.00979726 
0.00975626 
0.00971567 
0.00967542 
0.00963562 
0.00959609 
0.00955699 
0.00951799 
0.00947946 
0.00944121 
0.00940318 
0.00936547 
0.00932819 
0.00929102 
0.00925419 
0.00921764 
0.00918118 
0.00914098 
0.00910177 
0.00906311 
0.00902489 
0.00898729 
0.00895013 
0.00891348 
0.00887723 
0.00884141 
0.00880591 
0.0087709 
0.0087361 
0.00870165 
0.00866756 
0.00863368 
0.00860009 
0.00856687 
0.00853378 
0.0085011 
0.00846855 
0.00843635 
0.00840425 
0.0083708 
0.00833718 
0.00830421 
0.00827139 
0.0082392 
0.00820721 
0.0081756 
0.00814414 
0.00811344 
0.00808264 
0.0080522 
0.00802211 
0.00799219 
0.0079625 
0.00793314 
0.00790395 
0.00787492 
0.00784619 
0.0078176 
0.0077893 
0.00776119 
0.00773336 
0.00770556 
0.00767794 
0.00765062 
0.0076233 
0.00759237 
0.00756194 
0.00753226 
0.00750286 
0.00747409 
0.00744562 
0.00741753 
0.00738987 
0.0073625 
0.00733548 
0.00730873 
0.00728216 
0.00725592 
0.00722987 
0.00720411 
0.00717861 
0.00715326 
0.00712812 
0.00710311 
0.0070784 
0.00705378 
0.0070294 
0.00700526 
0.00698127 
0.00695735 
0.00693356 
0.00691014 
0.00688675 
0.00686345 
0.00684039 
0.00681747 
0.00679464 
0.00677208 
0.00674953 
0.00672717 
0.00670491 
0.00668276 
0.00666087 
0.00663872 
0.00661457 
0.00659089 
0.00656751 
0.0065444 
0.00652172 
0.0064991 
0.00647694 
0.006455 
0.00643319 
0.00641164 
0.00639033 
0.006369 
0.00634807 
0.00632714 
0.00630648 
0.00628596 
0.00626555 
0.00624529 
0.00622518 
0.00620515 
0.00618537 
0.0061656 
0.00614605 
0.00612654 
0.00610721 
0.00608796 
0.00606882 
0.00604975 
0.0060309 
0.00601213 
0.00599344 
0.00597486 
0.00595635 
0.00593805 
0.00591979 
0.00590158 
0.00588352 
0.00586556 
0.00584763 
0.0058299 
0.00581222 
0.00579464 
0.00577715 
0.00575975 
0.00574239 
0.00572519 
0.00570805 
0.005691 
0.00567405 
0.00565718 
0.00564037 
0.00562368 
0.0056071 
0.00559054 
0.00557413 
0.00555772 
0.00554139 
0.0055252 
0.00550906 
0.00549299 
0.00547702 
0.00546118 
0.00544533 
0.00542952 
0.00541392 
0.0053973 
0.00538021 
0.00536322 
0.00534638 
0.00532982 
0.00531339 
0.0052972 
0.0052812 
0.00526523 
0.00524952 
0.00523381 
0.00521829 
0.00520302 
0.00518771 
0.00517252 
0.00515739 
0.00514249 
0.00512753 
0.00511277 
0.00509805 
0.00508348 
0.00506894 
0.00505449 
0.00504006 
0.00502579 
0.00501156 
0.00499742 
0.0049833 
0.0049693 
0.00495539 
0.00494156 
0.00492781 
0.00491408 
0.00490046 
0.00488687 
0.00487332 
0.00485987 
0.00484659 
0.00483324 
0.00481993 
0.00480678 
0.0047936 
0.00478056 
0.00476761 
0.00475466 
0.00474173 
0.00472896 
0.00471616 
0.00470346 
0.00469075 
0.00467817 
0.00466565 
0.00465322 
0.00464077 
0.00462839 
0.00461609 
0.00460384 
0.00459159 
0.00457895 
0.00456598 
0.00455313 
0.00454052 
0.00452794 
0.00451555 
0.00450321 
0.00449092 
0.00447881 
0.00446673 
0.00445476 
0.00444289 
0.00443098 
0.00441918 
0.00440752 
0.00439576 
0.00438424 
0.00437267 
0.00436125 
0.00434986 
0.00433855 
0.00432722 
0.004316 
0.0043048 
0.00429364 
0.00428261 
0.00427161 
0.00426062 
0.00424967 
0.00423883 
0.00422795 
0.00421724 
0.00420647 
0.0041958 
0.0041851 
0.00417454 
0.00416399 
0.00415349 
0.00414303 
0.00413258 
0.00412221 
0.00411185 
0.0041017 
0.00409136 
0.0040812 
0.00407099 
0.00406095 
0.0040508 
0.00404079 
0.00403082 
0.00402085 
0.00401094 
0.00400107 
0.00399121 
0.0039814 
0.00397164 
0.00396192 
0.00395226 
0.00394256 
0.00393302 
0.00392342 
0.00391389 
0.00390448 
0.00389501 
0.00388555 
0.00387616 
0.00386687 
0.00385752 
0.00384826 
0.00383903 
0.00382981 
0.00382064 
0.00381151 
0.00380246 
0.00379336 
0.00378437 
0.0037753 
0.00376635 
0.00375745 
0.00374856 
0.00373972 
0.00373086 
0.00372207 
0.00371331 
0.00370459 
0.0036959 
0.00368723 
0.00367856 
0.00366992 
0.00366142 
0.00365286 
0.00364436 
0.00363591 
0.00362744 
0.00361903 
0.00360989 
0.00360084 
0.00359194 
0.00358308 
0.00357429 
0.00356563 
0.00355704 
0.00354848 
0.00354004 
0.00353155 
0.00352321 
0.00351485 
0.00350659 
0.00349832 
0.00349012 
0.00348195 
0.00347386 
0.00346576 
0.00345774 
0.00344973 
0.00344178 
0.00343384 
0.00342594 
0.00341808 
0.00341021 
0.00340251 
0.00339466 
0.00338695 
0.00337921 
0.00337157 
0.00336387 
0.00335628 
0.00334868 
0.00334114 
0.00333294 
0.00332474 
0.00331661 
0.00330853 
0.00330058 
0.00329268 
0.00328487 
0.0032771 
0.00326933 
0.00326178 
0.00325419 
0.0032467 
0.00323913 
0.00323168 
0.0032243 
0.00321694 
0.0032096 
0.00320229 
0.00319504 
0.00318783 
0.00318064 
0.00317352 
0.00316639 
0.00315933 
0.00315223 
0.00314516 
0.00313819 
0.00313123 
0.00312428 
0.00311735 
0.00311046 
0.00310361 
0.00309677 
0.00308997 
0.00308319 
0.00307642 
0.00306972 
0.00306301 
0.0030563 
0.00304963 
0.00304303 
0.00303642 
0.00302986 
0.00302329 
0.00301676 
0.00301022 
0.00300375 
0.00299727 
0.00299083 
0.00298442 
0.00297801 
0.00297165 
0.00296534 
0.00295896 
0.00295266 
0.00294637 
0.00294007 
0.00293385 
0.00292764 
0.00292142 
0.00291526 
0.0029091 
0.00290296 
0.00289684 
0.00289074 
0.00288465 
0.0028786 
0.00287257 
0.00286655 
0.00286052 
0.00285458 
0.00284862 
0.00284267 
0.00283677 
0.00283084 
0.00282502 
0.00281914 
0.00281329 
0.00280743 
0.00280169 
0.00279583 
0.00279009 
0.00278435 
0.00277863 
0.00277293 
0.00276722 
0.00276154 
0.00275588 
0.00275026 
0.00274467 
0.00273906 
0.0027335 
0.00272788 
0.00272232 
0.00271678 
0.00271133 
0.00270579 
0.00270031 
0.00269488 
0.00268942 
0.00268399 
0.00267856 
0.00267318 
0.0026678 
0.00266243 
0.00265707 
0.00265174 
0.00264642 
0.00264115 
0.0026359 
0.00263062 
0.00262535 
0.00262012 
0.00261493 
0.0026097 
0.00260453 
0.00259936 
0.00259421 
0.00258906 
0.00258395 
0.00257885 
0.00257372 
0.00256871 
0.00256368 
0.00255857 
0.00255356 
0.00254851 
0.00254355 
0.00253853 
0.00253355 
0.00252862 
0.00252368 
0.00251873 
0.00251381 
0.00250896 
0.00250404 
0.00249921 
0.00249431 
0.00248949 
0.00248468 
0.00247987 
0.00247506 
0.00247026 
0.00246551 
0.00246076 
0.00245601 
0.0024513 
0.00244656 
0.00244188 
0.00243714 
0.0024325 
0.00242783 
0.0024232 
0.00241857 
0.00241394 
0.00240936 
0.00240478 
0.00240019 
0.00239559 
0.00239109 
0.0023865 
0.00238199 
0.00237747 
0.00237298 
0.00236848 
0.00236399 
0.0023593 
0.00235452 
0.00234983 
0.00234521 
0.00234056 
0.00233598 
0.00233144 
0.00232689 
0.00232237 
0.00231791 
0.00231345 
0.00230898 
0.00230454 
0.00230012 
0.00229576 
0.00229137 
0.00228702 
0.00228269 
0.00227836 
0.00227405 
0.00226981 
0.00226551 
0.00226123 
0.00225699 
0.00225272 
0.00224851 
0.00224428 
0.00224009 
0.00223591 
0.00223173 
0.00222757 
0.00222344 
0.00221929 
0.00221519 
0.00221108 
0.00220695 
0.00220291 
0.00219881 
0.00219477 
0.00219072 
0.00218667 
0.00218266 
0.00217862 
0.00217463 
0.00217066 
0.00216666 
0.00216267 
0.00215872 
0.00215477 
0.00215087 
0.00214693 
0.00214301 
0.00213909 
0.00213523 
0.00213132 
0.00212747 
0.00212361 
0.00211976 
0.00211592 
0.00211207 
0.00210827 
0.00210448 
0.00210067 
0.0020969 
0.00209309 
0.00208935 
0.00208557 
0.00208183 
0.00207808 
0.00207438 
0.00207066 
0.00206696 
0.00206327 
0.0020596 
0.00205588 
0.00205222 
0.00204859 
0.00204492 
0.00204131 
0.00203768 
0.00203407 
0.00203045 
0.00202685 
0.00202325 
0.00201969 
0.0020161 
0.00201252 
0.002009 
0.00200541 
0.00200191 
0.00199841 
0.00199486 
0.00199138 
0.00198785 
0.00198437 
0.00198087 
0.00197739 
0.00197395 
0.0019705 
0.00196705 
0.00196361 
0.0019602 
0.00195676 
0.00195337 
0.00194998 
0.00194658 
0.00194318 
0.00193981 
0.00193643 
0.00193309 
0.00192974 
0.0019264 
0.00192307 
0.00191973 
0.00191642 
0.00191311 
0.00190982 
0.00190651 
0.00190325 
0.00189998 
0.00189669 
0.00189344 
0.00189018 
0.00188687 
0.00188346 
0.00187997 
0.00187654 
0.00187319 
0.00186978 
0.00186644 
0.00186309 
