2.49052 
1.4032 
0.806985 
0.725341 
0.546677 
0.470671 
0.398634 
0.381247 
0.337323 
0.323249 
0.306849 
0.293293 
0.256338 
0.241221 
0.228229 
0.210595 
0.191887 
0.17756 
0.164377 
0.157409 
0.145665 
0.136893 
0.132537 
0.122923 
0.117777 
0.11097 
0.108084 
0.100808 
0.0980581 
0.0961036 
0.08879 
0.0848158 
0.0802571 
0.0790435 
0.0786464 
0.0747981 
0.0701659 
0.069493 
0.0653829 
0.0630781 
0.0599096 
0.0577586 
0.0565275 
0.0539155 
0.052416 
0.0515743 
0.0493438 
0.0490227 
0.0480726 
0.0456105 
0.044673 
0.0423499 
0.0419188 
0.0406029 
0.0390606 
0.0383847 
0.0371295 
0.0363513 
0.0352221 
0.0348414 
0.0336863 
0.0328169 
0.0324742 
0.0321149 
0.0306595 
0.0303902 
0.0293128 
0.0286734 
0.0275649 
0.0273605 
0.0265382 
0.0260906 
0.0258026 
0.0244798 
0.0236125 
0.0228962 
0.0226574 
0.0223557 
0.0217564 
0.0213775 
0.0212271 
0.0206354 
0.0201983 
0.0197869 
0.0194454 
0.0190276 
0.0185553 
0.0182069 
0.0176663 
0.01735 
0.0170042 
0.0163798 
0.0160354 
0.0153506 
0.0151322 
0.0146848 
0.0143006 
0.0139755 
0.0137938 
0.0131955 
0.0130327 
0.0127078 
0.0125952 
0.0122189 
0.0119318 
0.0116891 
0.0115772 
0.0115204 
0.0112003 
0.0108684 
0.010536 
0.0101109 
0.00994468 
0.00962222 
0.00943326 
0.00927289 
0.00905876 
0.00891362 
0.00883952 
0.00843275 
0.00817869 
0.00801911 
0.00779567 
0.00761204 
0.00732927 
0.0072048 
0.0070533 
0.0070453 
0.00695072 
0.00679273 
0.00632135 
0.0062169 
0.00606378 
0.00596892 
0.005875 
0.00573983 
0.0054453 
0.0052736 
0.00506335 
0.0048853 
0.0047736 
0.00462021 
0.00444512 
0.00424543 
0.00407306 
0.00398616 
0.00390894 
0.00366399 
0.00363813 
0.00349381 
0.00341993 
0.0032968 
0.0030614 
0.00296934 
0.00284319 
0.002566 
0.00251361 
0.0022855 
0.00202591 
0.00197066 
0.00182333 
0.00146357 
0.00136254 
0.00108249 
0.000975929 
0.000876541 
0.000808855 
0.000542789 
0.000380336 
0.000315933 
0.000285249 
0.000230498 
0.000169283 
0.000119534 
8.95333e-05 
8.30149e-05 
8.05767e-05 
6.743e-05 
4.74097e-05 
3.59524e-05 
3.30533e-05 
2.70941e-05 
2.21527e-05 
1.7097e-05 
1.41852e-05 
1.1786e-05 
1.04538e-05 
8.83819e-06 
8.23933e-06 
7.2436e-06 
6.52549e-06 
4.27432e-06 
3.98205e-06 
3.63167e-06 
2.83585e-06 
2.45844e-06 
1.82576e-06 
1.20839e-06 
1.10239e-06 
9.24043e-07 
7.84797e-07 
4.59875e-07 
3.76022e-07 
2.74205e-07 
1.86542e-07 
1.35553e-07 
9.12515e-08 
8.32272e-08 
7.24762e-08 
7.06764e-08 
6.52227e-08 
5.76489e-08 
5.4464e-08 
5.26943e-08 
4.77952e-08 
3.93832e-08 
3.78258e-08 
3.35095e-08 
3.29403e-08 
2.98493e-08 
2.86733e-08 
2.72671e-08 
2.67055e-08 
2.55471e-08 
2.49214e-08 
2.34056e-08 
2.24678e-08 
2.20726e-08 
2.13336e-08 
2.04725e-08 
1.95391e-08 
1.92632e-08 
1.90297e-08 
1.84348e-08 
1.82534e-08 
1.69868e-08 
1.67121e-08 
1.62846e-08 
1.57939e-08 
1.57102e-08 
1.51659e-08 
1.48647e-08 
1.4358e-08 
1.38358e-08 
1.35318e-08 
1.31962e-08 
1.2832e-08 
1.24126e-08 
1.20543e-08 
1.19382e-08 
1.16913e-08 
1.10398e-08 
1.0937e-08 
1.01913e-08 
9.85938e-09 
9.4384e-09 
9.09072e-09 
