0.647558 
0.415568 
0.290376 
0.278329 
0.266556 
0.265116 
0.25326 
0.250896 
0.243537 
0.23494 
0.226395 
0.219646 
0.216637 
0.210863 
0.20325 
0.199767 
0.192841 
0.184833 
0.183345 
0.180896 
0.177914 
0.17265 
0.171199 
0.168455 
0.166032 
0.165102 
0.161678 
0.160056 
0.158424 
0.153891 
0.152925 
0.151197 
0.149381 
0.146787 
0.145185 
0.14368 
0.141944 
0.14034 
0.138107 
0.135707 
0.13315 
0.130843 
0.12879 
0.128134 
0.12726 
0.126273 
0.124206 
0.121723 
0.120968 
0.118445 
0.11825 
0.115263 
0.115129 
0.11302 
0.112303 
0.110916 
0.110467 
0.109263 
0.107388 
0.106724 
0.103629 
0.103284 
0.101091 
0.100476 
0.0989073 
0.0978496 
0.0954696 
0.0948521 
0.0942677 
0.0930228 
0.0922028 
0.0909621 
0.0894633 
0.0893389 
0.0884178 
0.087434 
0.0870961 
0.086166 
0.0848899 
0.0828987 
0.0821032 
0.081288 
0.0798165 
0.078768 
0.0783491 
0.0778734 
0.0768796 
0.0763032 
0.0755962 
0.0734534 
0.0726632 
0.0715877 
0.0714755 
0.0703896 
0.0695299 
0.068907 
0.0685874 
0.0676135 
0.0664986 
0.0661022 
0.0660702 
0.0644524 
0.0641211 
0.0627154 
0.0621195 
0.0614604 
0.0608035 
0.0599716 
0.05938 
0.0581263 
0.0573845 
0.0567971 
0.0561242 
0.0550941 
0.0538792 
0.0534223 
0.0525592 
0.0518933 
0.0515066 
0.0502878 
0.0496716 
0.0491887 
0.0483549 
0.0475258 
0.0472108 
0.0463533 
0.0458509 
0.0447132 
0.0443684 
0.0439807 
0.0436563 
0.0432304 
0.0415954 
0.0411351 
0.0406267 
0.0401543 
0.0399379 
0.0393546 
0.0390331 
0.0385892 
0.0380504 
0.0376516 
0.0371495 
0.036946 
0.0365025 
0.0353584 
0.0353 
0.0350952 
0.0346516 
0.0345464 
0.033943 
0.0336141 
0.0327279 
0.0321349 
0.0319097 
0.0310925 
0.0306481 
0.0301757 
0.030008 
0.0292745 
0.0291228 
0.0287146 
0.0284587 
0.0281441 
0.0280829 
0.0276393 
0.0269575 
0.026834 
0.0261599 
0.0257286 
0.025648 
0.0252884 
0.0249782 
0.0245863 
0.0240011 
0.0235956 
0.0233279 
0.0231037 
0.0227571 
0.0224424 
0.0221828 
0.0218141 
0.0211653 
0.0209114 
0.0205852 
0.0202922 
0.0197919 
0.0195725 
0.0193525 
0.0190691 
0.0189855 
0.0186498 
0.0186148 
0.0180555 
0.0177995 
0.0175073 
0.0172453 
0.0168792 
0.0164889 
0.0162175 
0.0159779 
0.0157667 
0.0155936 
0.0153973 
0.0152071 
0.014888 
0.0143736 
0.014224 
0.0137316 
0.0134776 
0.0133979 
0.0129012 
0.0127812 
0.0127212 
0.0122822 
0.0119738 
0.0116615 
0.0115009 
0.0113605 
0.0111203 
0.0110127 
0.0107551 
0.0105721 
0.00990256 
0.0098517 
0.0096917 
0.00960873 
0.00934028 
0.00918411 
0.00883871 
0.00867314 
0.0085789 
0.00849117 
0.00808527 
0.00795609 
0.00771084 
0.00759736 
0.00752238 
0.00697289 
0.00690231 
0.00676402 
0.00647034 
0.00612441 
0.00605935 
0.00578099 
0.00560688 
0.00555024 
0.0052178 
0.00511246 
0.00501587 
0.00469693 
0.00437395 
0.00425894 
0.00394623 
0.00391158 
0.00373961 
0.00326867 
