1.57192 
0.713238 
0.436596 
0.38695 
0.294996 
0.27846 
0.252209 
0.234338 
0.229787 
0.225358 
0.205708 
0.196343 
0.193113 
0.18706 
0.176849 
0.172732 
0.168812 
0.16227 
0.158697 
0.158425 
0.152582 
0.149852 
0.140711 
0.139216 
0.136328 
0.131002 
0.130034 
0.125768 
0.123637 
0.118879 
0.115861 
0.115382 
0.111829 
0.108644 
0.107675 
0.106079 
0.104567 
0.101933 
0.100367 
0.0984447 
0.0963172 
0.0931138 
0.0917069 
0.0882442 
0.0863812 
0.0839544 
0.0822913 
0.0817271 
0.0785167 
0.0779809 
0.074279 
0.0731473 
0.0724354 
0.0698503 
0.068851 
0.066219 
0.0655453 
0.0638369 
0.0623603 
0.0605349 
0.0579296 
0.0569028 
0.0557285 
0.0545602 
0.0531287 
0.052159 
0.0497862 
0.0481525 
0.0473203 
0.046331 
0.0452375 
0.0439873 
0.0430004 
0.042615 
0.0397165 
0.0392896 
0.0381256 
0.0368257 
0.0367523 
0.0360707 
0.0344815 
0.0331706 
0.0323192 
0.0319645 
0.0311578 
0.0304557 
0.0297545 
0.0289774 
0.0264584 
0.0251479 
0.0246811 
0.0240176 
0.0226613 
0.0217907 
0.020973 
0.0207287 
0.0190379 
0.0181014 
0.0172115 
0.0165972 
0.0164995 
0.0160115 
0.0155553 
0.0146693 
0.0139417 
0.0129359 
0.0126706 
0.0122839 
0.0111778 
0.010537 
0.010143 
0.00966902 
0.00871683 
0.00854514 
0.00803546 
0.00682841 
0.00579379 
0.00539574 
0.00513454 
0.00444254 
0.00421847 
0.00345065 
0.00237835 
0.0017688 
0.00173339 
0.000701463 
0.000102941 
8.07138e-08 
7.35472e-08 
6.3776e-08 
5.55417e-08 
5.13616e-08 
3.90664e-08 
3.59601e-08 
3.51016e-08 
3.28038e-08 
3.21524e-08 
3.19855e-08 
3.13366e-08 
2.98517e-08 
2.86857e-08 
2.8288e-08 
2.80076e-08 
2.75594e-08 
2.71321e-08 
2.66245e-08 
2.61602e-08 
2.57384e-08 
2.5503e-08 
2.48758e-08 
2.45374e-08 
2.41975e-08 
2.37339e-08 
2.3588e-08 
2.34175e-08 
2.31756e-08 
2.24503e-08 
2.21834e-08 
2.20125e-08 
2.18478e-08 
2.1549e-08 
2.0846e-08 
2.05786e-08 
2.02077e-08 
2.00991e-08 
1.99656e-08 
1.97724e-08 
1.96414e-08 
1.93894e-08 
1.91541e-08 
1.85592e-08 
1.84792e-08 
1.80729e-08 
1.79759e-08 
1.79307e-08 
1.76505e-08 
1.75075e-08 
1.73635e-08 
1.69069e-08 
1.68715e-08 
1.66279e-08 
1.6303e-08 
1.60961e-08 
1.58864e-08 
1.56583e-08 
1.54642e-08 
1.52258e-08 
1.49549e-08 
1.48638e-08 
1.46008e-08 
1.44494e-08 
1.43112e-08 
1.428e-08 
1.39564e-08 
1.39437e-08 
1.37064e-08 
1.35048e-08 
1.34477e-08 
1.32877e-08 
1.317e-08 
1.30972e-08 
1.26527e-08 
1.25457e-08 
1.23649e-08 
1.22995e-08 
1.2156e-08 
1.2077e-08 
1.17026e-08 
1.16302e-08 
1.14766e-08 
1.13898e-08 
1.13182e-08 
1.11153e-08 
1.09965e-08 
1.08036e-08 
1.06896e-08 
1.06035e-08 
1.04757e-08 
1.01672e-08 
1.00192e-08 
9.89708e-09 
9.71562e-09 
9.66127e-09 
9.40814e-09 
9.28252e-09 
9.04895e-09 
8.96386e-09 
8.73347e-09 
8.52458e-09 
8.44417e-09 
8.37598e-09 
8.3044e-09 
8.22534e-09 
8.14342e-09 
7.91634e-09 
7.78071e-09 
7.58631e-09 
7.54902e-09 
7.46235e-09 
7.14717e-09 
7.08151e-09 
7.03611e-09 
6.67666e-09 
6.64154e-09 
6.4719e-09 
6.33189e-09 
6.20135e-09 
5.9287e-09 
5.82338e-09 
5.6612e-09 
5.59848e-09 
5.45063e-09 
5.33994e-09 
5.26219e-09 
4.67152e-09 
4.46602e-09 
4.30621e-09 
