0 
0.0180727 
0.146564 
0.267704 
0.462651 
0.645673 
0.821347 
1.07352 
1.42058 
1.82988 
2.23534 
2.66342 
3.0911 
3.52277 
3.95639 
4.3718 
4.78274 
5.18982 
5.57104 
5.92977 
6.27393 
6.59011 
6.88076 
7.15819 
7.42054 
7.66226 
7.88645 
8.095 
8.28269 
8.46292 
8.6281 
8.78704 
8.93501 
9.07236 
9.203 
9.32242 
9.43461 
9.54019 
9.63463 
9.72956 
9.81691 
9.89773 
9.975 
10.0477 
10.1156 
10.1811 
10.2419 
10.2967 
10.3483 
10.3969 
10.4432 
10.4901 
10.5364 
10.5808 
10.6233 
10.6624 
10.701 
10.7376 
10.7716 
10.8048 
10.8359 
10.8659 
10.8934 
10.9202 
10.9476 
10.9745 
10.9997 
11.0229 
11.0444 
11.0643 
11.0829 
11.1012 
11.1199 
11.1398 
11.1587 
11.1765 
11.194 
11.2102 
11.2253 
11.2392 
11.2524 
11.2653 
11.2797 
11.2931 
11.3057 
11.3179 
11.3302 
11.3417 
11.3525 
11.3637 
11.3744 
11.3843 
11.3941 
11.4041 
11.4133 
11.4222 
11.4306 
11.4384 
11.446 
11.4542 
11.4619 
11.4692 
11.4767 
11.4842 
11.4912 
11.498 
11.5045 
11.5115 
11.5181 
11.5243 
11.5301 
11.5357 
11.5421 
11.5482 
11.5539 
11.5593 
11.5644 
11.5699 
11.5753 
11.5806 
11.5854 
11.5902 
11.5946 
11.5989 
11.603 
11.6072 
11.6111 
11.6158 
11.62 
11.6245 
11.6292 
11.6334 
11.6376 
11.6416 
11.6452 
11.649 
11.6531 
11.657 
11.6606 
11.6647 
11.6686 
11.6725 
11.6759 
11.6794 
11.6826 
11.6857 
11.6888 
11.6918 
11.6946 
11.6973 
11.7007 
11.7039 
11.7069 
11.7103 
11.7134 
11.7167 
11.7199 
11.7233 
11.7265 
11.7296 
11.7325 
11.7353 
11.7379 
11.7406 
11.7434 
11.7464 
11.7491 
11.7518 
11.7546 
11.757 
11.7594 
11.7618 
11.764 
11.7664 
11.7688 
11.7707 
11.773 
11.7751 
11.7777 
11.7804 
11.783 
11.7852 
11.7876 
11.7897 
11.7917 
11.7937 
11.7958 
11.7981 
11.8003 
11.8028 
11.8051 
11.8073 
11.8092 
11.8113 
11.8131 
11.8149 
11.8166 
11.8185 
11.8205 
11.8224 
11.8242 
11.8259 
11.8276 
11.8291 
11.8308 
11.8323 
11.8337 
11.8351 
11.8365 
11.8383 
11.8398 
11.8414 
11.8429 
11.8442 
11.8458 
11.8476 
11.8491 
11.8506 
11.852 
11.8536 
11.8551 
11.8567 
11.8581 
11.8597 
11.8609 
11.8622 
11.8635 
11.8648 
11.8658 
11.8672 
11.8683 
11.8693 
11.8704 
11.8713 
11.8724 
11.8733 
11.8743 
11.8754 
11.8763 
11.8772 
11.8781 
11.8792 
11.8803 
11.8813 
11.8825 
11.8834 
11.8845 
11.8854 
11.8863 
11.8872 
11.8881 
11.889 
11.8897 
11.8906 
11.8914 
11.8922 
11.8932 
11.8944 
11.8952 
11.8962 
11.8972 
11.898 
11.8988 
11.8996 
11.9005 
11.9012 
11.9019 
11.9027 
11.9036 
11.9042 
11.9049 
11.9055 
11.9062 
11.9069 
11.9076 
11.9082 
11.9092 
11.9099 
11.9106 
11.9115 
11.9121 
11.913 
11.9138 
11.9147 
11.9155 
11.9161 
11.9169 
11.9178 
11.9183 
11.9191 
11.9198 
11.9204 
11.921 
11.9216 
11.922 
11.9227 
11.9233 
11.9238 
11.9244 
11.925 
11.9258 
11.9265 
11.9271 
11.9277 
11.9283 
11.9288 
11.9294 
11.93 
11.9304 
11.931 
11.9317 
11.9321 
11.9326 
11.9331 
11.9336 
11.934 
11.9346 
11.935 
11.9354 
11.9359 
11.9364 
11.9368 
11.9373 
11.9377 
11.9381 
11.9385 
11.939 
11.9394 
11.9398 
11.9401 
11.9406 
11.941 
11.9415 
11.9418 
11.9422 
11.9427 
11.943 
11.9434 
11.9439 
11.9442 
11.9447 
11.9451 
11.9457 
11.9461 
11.9466 
11.947 
11.9474 
11.9479 
11.9482 
11.9485 
11.949 
11.9493 
11.9496 
11.9499 
11.9504 
11.9507 
11.951 
11.9515 
11.9519 
11.9521 
11.9525 
11.9528 
11.9531 
11.9535 
11.954 
11.9544 
11.9548 
11.9553 
11.9556 
11.9559 
11.9564 
11.9567 
11.9571 
11.9574 
11.9576 
11.958 
11.9584 
11.9587 
11.959 
11.9593 
11.9596 
11.9599 
11.9602 
11.9605 
11.9608 
11.9612 
11.9614 
11.9618 
11.9621 
11.9626 
11.9628 
11.9631 
11.9634 
11.9638 
11.964 
11.9643 
11.9647 
11.9648 
11.9652 
11.9655 
11.9656 
11.966 
11.9663 
11.9665 
11.9668 
11.967 
11.9673 
11.9673 
11.9676 
11.968 
11.9682 
11.9685 
11.9687 
11.9692 
11.9695 
11.9698 
11.97 
11.9704 
11.9706 
11.9709 
11.9711 
11.9716 
11.9717 
11.9719 
11.9722 
11.9724 
11.9727 
11.9728 
11.973 
11.9733 
11.9736 
11.9738 
11.974 
11.9743 
11.9744 
11.9745 
11.9748 
11.9751 
11.9751 
11.9753 
11.9756 
11.9757 
11.9758 
11.9762 
11.9763 
11.9765 
11.9767 
11.9769 
11.9772 
11.9772 
11.9775 
11.9778 
11.978 
11.9781 
11.9786 
11.9787 
11.979 
11.9792 
11.9793 
11.9796 
11.9798 
11.98 
11.9802 
11.9803 
11.9807 
11.9807 
11.9809 
11.981 
11.9812 
11.9815 
11.9816 
11.9817 
11.9819 
11.982 
11.9824 
11.9824 
11.9826 
11.9827 
11.9829 
11.9831 
11.9832 
11.9833 
11.9835 
11.9838 
11.9838 
11.9839 
11.9841 
11.9843 
11.9843 
11.9846 
11.9848 
11.9849 
11.985 
11.9851 
11.9853 
11.9855 
11.9855 
11.9858 
11.9858 
11.9859 
11.9861 
11.9863 
11.9863 
11.9865 
11.9867 
11.9867 
11.987 
11.9871 
11.9873 
11.9873 
11.9875 
11.9876 
11.9876 
11.9878 
11.988 
11.9881 
11.9883 
11.9884 
11.9886 
11.9888 
11.989 
11.9891 
11.9893 
11.9895 
11.9896 
11.9897 
11.9899 
11.9901 
11.9902 
11.9903 
11.9904 
11.9905 
11.9906 
11.9909 
11.9909 
11.991 
11.9911 
11.9913 
11.9913 
11.9915 
11.9916 
11.9918 
11.9919 
11.9921 
11.9921 
11.9924 
11.9924 
11.9924 
11.9925 
11.9926 
11.9927 
11.9929 
11.9931 
11.993 
11.9931 
11.9933 
11.9934 
11.9936 
11.9937 
11.9937 
11.9939 
11.994 
11.994 
11.9941 
11.9942 
11.9944 
11.9945 
11.9945 
11.9946 
11.9947 
11.9949 
11.9949 
11.995 
11.9952 
11.9952 
11.9953 
11.9955 
11.9957 
11.9959 
11.9959 
11.996 
11.9962 
11.9963 
11.9963 
11.9965 
11.9964 
11.9966 
11.9968 
11.9969 
11.997 
11.9971 
11.9973 
11.9972 
11.9974 
11.9972 
11.9975 
11.9977 
11.9977 
11.9978 
11.9979 
11.9979 
11.9979 
11.9981 
11.9981 
11.9984 
11.9983 
11.9984 
11.9986 
11.9987 
11.9987 
11.9989 
11.9989 
11.999 
11.9991 
11.9993 
11.9993 
11.9991 
11.9995 
11.9994 
11.9995 
11.9995 
11.9998 
11.9998 
11.9999 
12 
11.9999 
12 
12.0001 
12.0004 
12.0003 
12.0005 
12.0005 
12.0007 
12.0006 
12.0007 
12.0008 
12.0007 
12.0009 
12.001 
12.0011 
12.0011 
12.0012 
12.0012 
12.0014 
12.0014 
12.0016 
12.0016 
12.0016 
12.0017 
12.0017 
12.0019 
12.002 
12.002 
12.002 
12.0021 
12.0022 
12.0021 
12.0024 
12.0024 
12.0025 
12.0025 
12.0026 
12.0027 
12.0027 
12.0028 
12.0028 
12.0029 
12.003 
12.003 
12.0031 
12.0031 
12.0033 
12.0034 
12.0036 
12.0036 
12.0036 
12.0037 
12.0038 
12.0039 
12.004 
12.0041 
12.0041 
12.0042 
12.0041 
12.0043 
12.0043 
12.0045 
12.0044 
12.0045 
12.0046 
12.0046 
12.0048 
12.0047 
12.0049 
12.0048 
12.0051 
12.005 
12.0051 
12.0051 
12.0052 
12.0053 
12.0054 
12.0054 
12.0055 
12.0056 
12.0055 
12.0056 
12.0058 
12.0059 
12.006 
12.006 
12.0062 
12.0062 
12.0061 
12.0061 
12.0065 
12.0064 
12.0065 
12.0066 
12.0066 
12.0067 
12.0069 
12.0067 
12.0068 
12.0069 
12.0069 
12.0069 
12.0071 
12.0072 
12.0072 
12.0073 
12.0073 
12.0073 
12.0074 
12.0074 
12.0075 
12.0075 
12.0075 
12.0077 
12.0078 
12.0077 
12.0077 
12.0079 
12.0079 
12.0079 
12.008 
12.008 
12.0082 
12.0082 
12.0081 
12.0082 
12.0083 
12.0084 
12.0084 
12.0084 
12.0085 
12.0086 
12.0085 
12.0086 
12.0087 
12.0087 
12.0087 
12.0089 
12.0088 
12.0089 
12.0089 
12.0091 
12.009 
12.0091 
12.0092 
12.0091 
12.0092 
12.0093 
12.0093 
12.0094 
12.0094 
12.0095 
12.0096 
12.0095 
12.0095 
12.0096 
12.0097 
12.0097 
12.0098 
12.0098 
12.0099 
12.0098 
12.0098 
12.0099 
12.01 
12.0101 
12.0101 
12.01 
12.0102 
12.0101 
12.0102 
12.0103 
12.0104 
12.0104 
12.0105 
12.0105 
12.0104 
12.0105 
12.0105 
12.0106 
12.0106 
12.0106 
12.0107 
12.0108 
12.0108 
12.0109 
12.011 
12.0109 
12.0109 
12.011 
12.0111 
12.011 
12.0112 
12.0111 
12.0112 
12.0113 
12.0113 
12.0112 
12.0113 
12.0114 
12.0113 
12.0112 
12.0115 
12.0114 
12.0116 
12.0116 
12.0117 
12.0117 
12.0118 
12.0116 
12.0118 
12.0119 
12.0119 
12.0119 
12.0119 
12.012 
12.012 
12.012 
12.012 
12.0121 
12.0121 
12.0121 
12.0122 
12.0122 
12.0123 
12.0123 
12.0122 
12.0124 
12.0124 
12.0125 
12.0124 
12.0125 
12.0124 
12.0125 
12.0126 
12.0126 
12.0126 
12.0125 
12.0127 
12.0127 
12.0128 
12.0128 
12.0128 
12.0129 
12.013 
12.0129 
12.013 
12.013 
12.0132 
12.0132 
12.0131 
12.0132 
12.0132 
12.0132 
12.0132 
12.0133 
12.0134 
12.0135 
12.0134 
12.0136 
12.0136 
12.0136 
12.0135 
12.0136 
12.0135 
12.0137 
12.0136 
12.0136 
12.0138 
12.0138 
12.0138 
12.0138 
12.0139 
12.0139 
12.014 
12.014 
12.0141 
12.014 
12.014 
12.0142 
12.0141 
12.0142 
12.0141 
12.0142 
12.0142 
12.0143 
12.0144 
12.0145 
12.0143 
12.0144 
12.0144 
12.0146 
12.0145 
12.0144 
12.0146 
12.0146 
12.0146 
12.0147 
12.0146 
12.0147 
12.0147 
12.0148 
12.0147 
12.0148 
12.0147 
12.0148 
12.0148 
12.0149 
12.015 
12.0149 
12.015 
12.015 
12.015 
12.0151 
12.0152 
12.0151 
12.0151 
12.015 
12.0152 
12.0152 
12.0151 
12.0153 
12.0152 
12.0153 
12.0153 
12.0153 
12.0153 
12.0154 
12.0154 
12.0154 
12.0155 
12.0155 
12.0155 
12.0155 
12.0155 
12.0156 
12.0156 
12.0157 
12.0157 
12.0157 
12.0157 
12.0157 
12.0158 
12.0158 
12.0159 
12.0158 
12.0158 
12.016 
12.0159 
12.0159 
12.0159 
12.0159 
12.016 
12.0161 
12.016 
12.016 
12.0161 
12.0161 
12.0162 
12.0162 
12.0161 
12.0163 
12.0161 
12.0163 
12.0163 
12.0163 
12.0164 
12.0164 
12.0163 
12.0163 
12.0164 
12.0165 
12.0166 
12.0166 
12.0166 
